Db
12 # Number of variables
500 # Number of samples
# Locators
NA x1 x2 NA NA NA NA NA NA z1 z2 z3 
# Names
rank x1 x2 Z1 Z2 Z3 U1 U2 U3 F1 F2 F3 
# Array of values
1 0.61 0.19 0.700855535249197 1.52754151637078 3.05199053529901 0.0900632659786147 0.029209384340457 -0.67600639370622 -0.63637807697901 0.110737132860363 -0.220702185966373 
2 0.49 0.51 0.642250869320447 1.13923598540698 2.26803342331575 0.201313440747881 -0.265487807197723 -0.756310244571094 -0.602188321360925 0.321268415597206 -0.466017053331493 
3 0.34 0.26 1.25077017396123 1.04843423501508 2.88413071340305 0.184292953342544 0.00950796234880608 0.701838715585743 0.66734993101919 -0.285026446951277 0.00598922380624575 
4 0.79 0.29 0.691311472601742 -5.305387003087 1.24618179784551 1.46940921680156 -0.00886767992419513 0.0073498839563112 0.117501609077929 -0.719590335838547 -1.2758053234701 
5 0.12 0.76 0.829172624478089 -3.54004360858675 1.64338486921368 1.11524713839649 -0.0286302967606189 0.159668024208963 0.240976419547431 -0.56889683579333 -0.942537270878657 
6 0.74 0.01 1.27382800193234 -3.99706804587238 2.91485758662374 1.13771217895619 0.566989763049715 1.23708567755873 1.04679141295911 -1.35924145671832 -0.450486145472544 
7 0.13 0.83 1.19759133536919 9.73434731662729 1.18533093090238 -1.37866816677321 -1.65672436390309 -0.201463762377897 0.279550496812962 2.10602211710957 0.41541731012603 
8 0.49 0.26 1.63265494836897 -1.56918538688108 6.72584221741248 0.494040390962318 1.94138957706967 1.75442889707914 1.01192497798327 -2.3174196580432 0.834664076267676 
9 0.39 0.81 0.688097821041459 -2.5947368383628 1.61436000927604 0.938828957603633 -0.143232503283071 -0.269911954605084 -0.134782580414107 -0.272940649351952 -0.939204388202507 
10 0.35 0.53 1.98310715401835 7.68555512130473 4.4450589788362 -1.15218367166171 -0.0355265447952922 1.78890359410007 1.60278536142481 0.123239352864185 1.3945811431111 
11 0.62 0.19 0.39192825895325 1.25928112691265 2.07008818194677 0.190023546292325 -0.363710141468211 -1.36572394389644 -1.13986160854608 0.569900673067333 -0.639941124076665 
12 0.4 0.55 1.06725734054298 2.30816961920396 -0.351206830413062 0.101147176501634 -1.51536992507361 0.238616839038863 0.751371578203743 1.14204175773588 -0.703346381280164 
13 0.37 0.02 0.969318119599382 0.0912643004822431 2.77437201872168 0.372968316644396 0.0653021047474463 0.117186343958262 0.114592678906644 -0.269204165792443 -0.267394847325634 
14 0.6 0.11 -0.0788153553323672 -4.42411752018387 1.96818722379329 1.27448522787421 0.205049978773049 -1.95727209482531 -1.80970729018369 -0.27933211269208 -1.46431049908182 
15 0.6 0.03 1.55013297964651 -1.23985927068998 3.74227752991948 0.574225792938624 0.625072352551893 1.61578021202275 1.34015465643847 -1.22981932315344 0.150752545549677 
16 0.41 0.89 1.60328643481205 8.89912548934274 3.43917480511925 -1.33100721608243 -0.598673473537088 0.787711040288338 0.84573728485606 0.943604606943934 1.06996149974244 
17 0.37 0 0.712374849126526 12.4557389671261 2.54826729936499 -1.95468528405227 -1.36583662039202 -1.67353690869265 -1.24082991299822 2.53985709781094 0.704625480492399 
18 0.95 0.42 2.07467593211471 7.52843521579117 5.15907139552536 -1.15713057230521 0.288022825890595 2.00285748671665 1.69160191653921 -0.19910237276483 1.59128489680969 
19 0.69 0.67 1.1159965493516 1.30634831692219 8.38990286374167 -0.125217721285812 2.34486877163006 0.182528602943802 -0.643765011860427 -1.92902783269304 1.18820198408454 
20 0.94 0.73 1.20299494469346 3.87319727411679 7.74491292626601 -0.581134141671184 1.79122461773145 0.16785460970774 -0.500696184962555 -1.24157925885662 1.33497639159808 
21 0.05 0.57 0.916217587014704 5.98321478826361 4.79224894083517 -0.837836313643735 0.295837234883372 -0.634250205691246 -0.75680335473184 0.336608483788419 0.711130151471054 
22 0.52 0.78 1.59651224956382 8.84854675221901 3.6683760149105 -1.33227606362593 -0.494841378742327 0.769124311874689 0.792573955745439 0.863152824139623 1.11273241787805 
23 0.51 0.28 2.11317367621099 11.2454374757448 8.75181259031855 -2.03185654156733 1.42929256275024 1.63112666262695 0.887473300877647 -0.614264693582588 2.76892803290784 
24 0.15 0.36 0.795631048274049 -0.134070550018946 0.781060096257298 0.511799478811321 -0.766229424709783 -0.219120735509906 0.0955191291872141 0.44033376320218 -0.833092076229602 
25 0.03 0.53 1.11987553893434 -5.26895138719478 1.72482492552651 1.43629289950914 0.193181429818136 1.02334715781067 0.996937820407727 -1.14019952797783 -0.92388082675525 
26 0.98 0.15 0.828506022069774 -6.27844472937995 0.812476436947935 1.67311280405595 -0.0899031100546609 0.444455746024197 0.5695090084059 -0.868948784154536 -1.3876301504105 
27 0.69 0.51 1.01699864066041 5.18731869568672 4.29268615997165 -0.664242366820426 0.167377559198844 -0.299862648495359 -0.386883373510187 0.268644530522627 0.580777193669715 
28 0.5 0.56 1.13499067219325 6.80985150022212 0.522529081255946 -0.79306907213916 -1.62583886012377 -0.0535857369114803 0.450268553235567 1.75227439723617 -0.0444370366963417 
29 0.74 0.75 0.0910749157538842 -0.958398576076692 1.37825667832288 0.645133695467928 -0.421821098893374 -1.85921922711331 -1.5486359392193 0.524434093537509 -1.17367894599052 
30 0.55 0.56 0.416164128102944 -0.170284419377412 -1.87347865378025 0.647932823556353 -1.90224338863285 -1.04966710449521 -0.281908672213592 1.53456083939687 -1.64493112756091 
31 0.15 0.53 0.0330836628436006 -1.21432761026071 -0.623286011780313 0.789212858356448 -1.25344440995586 -1.91316369297953 -1.30292062730419 1.15653783708586 -1.67898576858586 
32 0.43 0.6 2.48375726113633 5.00415805578477 -2.40118426715407 -0.323151374366192 -2.68441313787326 3.46323198791206 4.14106612637311 1.4641581264583 -0.110854974493576 
33 0.81 0.92 0.654537989114093 3.93356970295482 5.56437575283173 -0.484455639066064 0.848050425720094 -1.09428860979465 -1.35135535597758 -0.17310684626093 0.543348022874422 
34 0.15 0.64 0.761394058533383 4.63946702534936 4.87796541510029 -0.58630232680872 0.477393841450457 -0.88252398409817 -1.03321236413867 0.127988302009167 0.516328467087034 
35 0.33 0.59 2.13577470400283 -4.53050292784956 1.35309374907106 1.30597998086514 -0.0448026567570984 3.41601153016234 3.30937523959355 -1.51362997851501 -0.365630379455514 
36 0.84 0.72 0.6396327388703 -2.68688048435893 0.364886968456875 1.01607007010054 -0.669686859016123 -0.339622227816148 -0.0135518762033257 0.14353591405116 -1.25516370332665 
37 0.34 0.99 0.377297313620284 -0.1935718743035 -2.26186180688866 0.671121014140871 -2.06649176138855 -1.12928435343466 -0.298334102355036 1.68030091834276 -1.75603540784606 
38 0.44 0.22 1.06273795990964 -6.57780641266926 3.76139948445608 1.58767705489101 1.20849686868148 0.947421159614025 0.588155705608964 -2.03578317116366 -0.62325734002187 
39 0.6 0.62 1.2999557246326 16.9686538746987 9.82998766420427 -3.15990227128891 1.27373665729436 -0.90961081558721 -1.52053955101985 0.745300907593456 3.09309962707155 
40 0.7 0.07 1.49252300932356 -6.26766861267385 5.16715418962249 1.45866097052719 1.77898451025272 1.91175264398409 1.28563291150979 -2.70056484164688 -0.0370599425559703 
41 0 0.46 0.87259492801694 -0.810947950995179 0.314861396095848 0.661470347722043 -0.893235324528296 0.045428649779877 0.397799591993399 0.401499450203603 -0.958138718671573 
42 0.97 0.9 0.896000720315975 1.73964211933412 2.23464312676589 0.0872000866934093 -0.344277737792955 -0.200121757916078 -0.0627235047401299 0.295259394207516 -0.273984280454043 
43 0.38 0.18 0.663135694522522 -5.18283328338487 3.66953030779608 1.33121750228759 1.0180976229472 -0.146926036093014 -0.389840139323647 -1.46116249037492 -0.737074562593923 
44 0.72 0.13 -0.199952317013706 -4.53687977571195 3.29315304465362 1.23381145403124 0.785806216297581 -2.27965114814129 -2.3140235459959 -0.654796210140197 -1.24624573124849 
45 0.09 0.95 1.38695862471654 2.55389321680648 1.65130518764317 -0.0431602457648979 -0.681910627851693 0.925057956811398 1.09720880210689 0.340705755244871 -0.0514739504393159 
46 0.77 0.46 0.923959033488596 4.77985117338921 3.11726225592143 -0.530474096324762 -0.293331269710068 -0.449386805574762 -0.358827849441234 0.623948429949792 0.226551170631606 
47 0.56 0.58 0.577446090936906 -2.50717627552925 0.574033329271136 0.972611940034713 -0.599371725048202 -0.513244886291442 -0.20344876119499 0.15280016291609 -1.2263366078572 
48 0.76 0 1.07125621959276 -0.559811706690404 3.62237024052746 0.455068413880735 0.499660995122485 0.399084159211793 0.235332294104845 -0.74431091102795 -0.0814648179805111 
49 0.28 0.39 1.01269558051919 6.2010828272046 1.51690173918494 -0.724125661382971 -1.13348599241584 -0.321339975084474 0.0354897691467599 1.38146193270504 0.0520696921088479 
50 0.85 0.26 0.536017084297237 5.12121709845541 3.90197075441773 -0.629267783490314 0.00620753256677981 -1.44223461502753 -1.39854941102934 0.688006340182028 0.216249814709287 
51 0.6 0.29 1.38157355559527 1.93683371337702 2.3370254493713 0.0410834507374573 -0.321009601493518 0.949721580184891 1.00249356788144 -0.00635617893941412 0.0408942464173652 
52 0.82 0.85 1.19979162202568 3.25733015572001 12.0299520531586 -0.668267737052236 3.69700331410464 0.0868536344121481 -1.23757903989312 -2.7557522055114 2.23521514144221 
53 0.27 0.71 1.15979434792357 -1.44607421317546 1.76758849619245 0.710302292538146 -0.20079191282653 0.754258618298346 0.827179848048881 -0.384258534279458 -0.530915888003028 
54 0.71 0.42 0.406063553833648 6.25121790463649 0.938022532722818 -0.701192176126353 -1.38811687872317 -1.77220723060578 -1.23379345871082 1.96603801359055 -0.414373787090491 
55 0.97 0.11 1.2713089030606 7.08686080186884 3.2381414026488 -0.975722522358693 -0.489880421667051 0.165383588621196 0.251696616707847 0.843318991025284 0.666956439409534 
56 0.98 0.87 1.18560778838001 5.60724109386386 3.51640435436334 -0.708182438022249 -0.210932525920232 0.0909276833865407 0.105747867323219 0.500007230065178 0.541380548283192 
57 0.29 0.44 1.21137603034633 12.9675116259626 5.71689886578048 -2.20624616545156 -0.0603022508976636 -0.615654049221272 -0.717232477604442 1.30183722044716 1.74384226261534 
58 0.49 0.49 1.17628471903188 3.5508903292381 0.714599896898606 -0.185643975713664 -1.19179439397303 0.350545075675763 0.724020099438023 0.985807390641021 -0.285828790488539 
59 0.8 0.73 0.341427840638315 -3.76099407194024 0.0676312523114846 1.23593186739383 -0.681781179169566 -0.947791532632955 -0.562723956127993 0.20644668982241 -1.59103219951741 
60 0.16 0.78 1.30097199799291 -1.03821777705274 0.321236659231356 0.700727062077224 -0.865460686640943 1.10063104265672 1.37910738402753 0.0791405395619794 -0.737040640688544 
61 0.83 0.3 0.782823490687536 -1.15235896387985 2.06266480690993 0.643719967385413 -0.106273676576069 -0.192500701917203 -0.0966037528906485 -0.17849295467299 -0.64925649095087 
62 0.36 0.23 1.2799339245582 -2.55895526507883 4.98343097099388 0.767088731596969 1.29979913616864 1.05116248319985 0.593849558368227 -1.7340732290787 0.152243951712706 
63 0.2 0.55 0.656500794153785 7.2083362479596 3.82489743205506 -1.02164859443552 -0.251869210271454 -1.34789637873947 -1.25029404919596 1.07034858899872 0.463839720148506 
64 0.13 0.5 0.681223322856323 -3.03168963655991 3.55110583880502 0.929510647951165 0.735239725732154 -0.304513181924542 -0.46962990342048 -0.986846546074232 -0.550343006887273 
65 0.04 0.73 0.79270247364253 -3.92415951791145 1.87616167985041 1.17718362318092 0.112679464454195 0.101076551920393 0.142110123023261 -0.700963248094797 -0.947169283442968 
66 0.19 0.82 0.626567037305443 -0.515176200906423 1.02463567145594 0.573723737675804 -0.620770660986386 -0.598304787672918 -0.304940753587951 0.389901252021691 -0.909654830218383 
67 0.26 0.84 -0.00777523535667402 -5.13460612072514 3.37734865700122 1.34139996997001 0.886658796166795 -1.76155526216551 -1.85570377715543 -0.928889724589661 -1.1756368541864 
68 0.99 0.53 1.10127772339353 13.0375508343743 7.09370520176299 -2.28407653250777 0.523000919540455 -0.930401475517406 -1.21799842399934 0.940570958584921 1.99699488853617 
69 0.31 0.61 1.48687695817853 -1.55403004167854 -0.0882576131770101 0.816333753045719 -0.985367756001258 1.61098912465055 1.90660357838378 -0.0139891807944399 -0.772854105498478 
70 0.27 0.05 1.50840997394812 7.50646578286169 4.91408395904977 -1.13674972186013 0.184541816709699 0.645988583170658 0.458219229282885 0.236586682944553 1.21557342074394 
71 0.87 0.11 1.37845960471867 2.06834331334534 -2.27971896106785 0.235723753155636 -2.31693191367545 1.07182216787414 1.81669368491637 1.51853993805711 -0.982955976464085 
72 0.31 0.74 1.38344683048645 2.76607446367398 2.37063910179615 -0.117497405511264 -0.396029861873967 0.874227628035302 0.945970433996543 0.154059817293737 0.12776833769692 
73 0.66 0.85 0.53756380249487 8.23458390503549 5.13555304605363 -1.2772636726831 0.199880740760167 -1.77300895854516 -1.82221864113972 0.935055011882355 0.787468676075899 
74 0.11 0.53 0.463795426446618 1.98818354229884 2.2795325990203 0.0415103366390547 -0.352346303490124 -1.26816667761208 -1.06329590549812 0.607876288978222 -0.483741648491933 
75 0.64 0.61 1.61070737119167 6.5084072179235 3.69090348757626 -0.89049528006395 -0.232720600644768 1.02556874745853 0.974980035027885 0.360012224828816 0.904840929011901 
76 0.41 0.09 0.420119494229461 0.518684330633661 -0.178763622895282 0.436908256988914 -1.24910388060596 -1.157918683883 -0.623075565351554 1.12637087882567 -1.19791088618921 
77 0 0.82 1.67593227868127 5.52872881550797 4.85305462755551 -0.760834049496498 0.371890051138887 1.24049588564992 0.978013578508201 -0.261819202615278 1.10947773691912 
78 0.8 0.84 0.3479377495666 3.61114956060936 11.2023220104064 -0.689010915804451 3.30253869296668 -1.97704443013614 -3.03599907609594 -1.87113605121547 1.60367142119527 
79 0.13 0.29 1.91190858353128 -0.428841370786983 2.64622924879272 0.469898378105921 0.0675504087775373 2.44531253713242 2.30071646106995 -0.936625812523848 0.185355876101606 
80 0.06 0.83 1.39145924841599 2.13402535093106 1.81393499549312 0.0285480323490952 -0.566804840229789 0.970901330476485 1.1058405886149 0.197813887979359 -0.0521379791924037 
81 0.5 0.71 0.966221625823865 -1.87915041420679 4.18821230533076 0.678751673152913 0.884738640027628 0.253853321922606 -0.0165501453133909 -1.13511801511483 -0.138350961213999 
82 0.82 0.05 1.03549375572468 8.91927731516639 6.07099002434649 -1.45536824999 0.528164338962483 -0.665425015924589 -0.911008666526707 0.45711313797264 1.34199685262482 
83 0.01 0.44 1.08842734091257 -5.35424068239375 1.14209036041626 1.48039820753884 -0.0477948168684168 0.973521355057584 1.03629430013468 -0.949126697585029 -1.08021278533285 
84 0.02 0.91 0.409714709464823 -1.24281100082924 1.76041366320672 0.678226377838858 -0.226712306978734 -1.0749602242931 -0.87894263341548 0.138395816075641 -0.935540174873176 
85 0.76 0.7 1.02071773990613 -4.7421709897359 2.23795472115819 1.31298186640806 0.35649653428723 0.71809057315577 0.646000654967749 -1.13364651354669 -0.814980961639632 
86 0.93 0.57 0.964048837449854 -0.434238033555112 -0.294795371348419 0.618410828757685 -1.19545447005708 0.249014823897585 0.689079643160997 0.619069577919043 -1.0077072137785 
87 0.49 0.16 1.08098621779751 -1.12642655591119 4.48392745199225 0.521280936654273 0.930616739248004 0.450005033110801 0.139816558667197 -1.14747348564538 0.063575071970856 
88 0.02 0.36 0.61448957770056 -2.93306377900251 6.09269982056497 0.790537582700894 1.81549588965224 -0.553198155211108 -1.08372926253696 -1.74712668661205 -0.00907856733166368 
89 0.2 0.77 1.22984407164013 8.77095665555913 4.54124761190892 -1.35612895189969 -0.112239456131945 -0.135197592946418 -0.187308830699847 0.797941394067393 1.09460803596881 
90 0.95 0.76 1.59285756006702 4.91679046378461 7.82341166029731 -0.785558014139403 1.71282174962125 1.00685282618874 0.296815900794728 -1.29839053235936 1.67053724881353 
91 0.21 0.68 1.01998552866723 9.62517443167084 5.26104899298737 -1.55035308400521 0.104333198511541 -0.745144681557178 -0.847010732580455 0.876211234746684 1.21842003793695 
92 0.79 0.75 -0.30006888885986 -0.910633077080861 1.43814478917184 0.636404148226901 -0.401743527531323 -2.80951443299399 -2.44592333121224 0.764257213827738 -1.37591766466571 
93 0.3 0.24 0.971351906715172 5.36315959334279 6.13360740636154 -0.784687516735129 0.938567157028096 -0.483442651579196 -0.832500231204216 -0.262035747365778 0.984195222852181 
94 0.62 0.15 0.327667180201886 2.91677750419863 1.79184812314321 -0.109976696363274 -0.662018781801006 -1.67009668786952 -1.34433178854546 1.04578215229426 -0.581978023882311 
95 0.73 0.87 0.417763682870695 4.83420334833784 6.71978453418431 -0.707959928867174 1.246567329297 -1.78702069099074 -2.15321211606703 -0.209138674811505 0.75400193322135 
96 0.78 0.16 0.948256261602865 -3.31933815607091 3.41385603457359 0.988328570623234 0.70767990029781 0.371508712469572 0.177095464203188 -1.17241007875279 -0.457946210852342 
97 0.03 0.91 0.475624714678558 -3.55861657217458 -0.124022280969838 1.20565212042748 -0.785715353680641 -0.637324224643897 -0.238550494492882 0.225102279343112 -1.53933441630806 
98 0.92 0.09 0.940933540212496 5.59865747414735 3.91294207805618 -0.723435145350101 -0.0400914861968226 -0.510907420209262 -0.51754707522381 0.525704584261306 0.491703003684139 
99 0.52 0.44 1.48257590341336 3.79290390382376 3.7142723325795 -0.376552001175455 0.0700787648103804 0.974277889193059 0.860566040133951 -0.130775318542779 0.581587271925096 
100 0.72 0.66 1.631607286725 1.20600523624269 7.31299139720684 -0.0591855086472195 1.89405838509711 1.46950525810544 0.720911906868005 -1.9296584789817 1.22764407350829 
101 0.95 0.44 1.47467851124392 11.6647835588476 5.80661766853619 -1.96604453597846 0.119057214029761 0.141057151787976 -0.0527595428877173 0.833969728183935 1.78916566612511 
102 0.01 0.09 0.260944750369585 1.83630218713573 -1.64684388811977 0.258582896817373 -2.02160272061973 -1.62233158041459 -0.805590527326477 1.9774805570849 -1.49207807436042 
103 0.37 0.03 0.519923029578504 8.91483612183646 1.15385030494152 -1.21657170097294 -1.58266185327517 -1.75778000621386 -1.1911866465227 2.37764266586858 -0.0504531689106003 
104 0.82 0.95 0.951272407241815 -2.18974800175456 7.60213148921587 0.575346736035807 2.38364596726844 0.142252544059804 -0.643508065949271 -2.29611091167488 0.588897105256451 
105 0.13 0.07 1.22648785365521 -1.23319594891038 1.30827713331514 0.691306222794579 -0.420832932048168 0.90906840237101 1.04632332064777 -0.233691275079545 -0.576199537643403 
106 0.37 0.99 0.735287969615295 -0.481305507545605 -1.18696024306455 0.671587135807096 -1.57361689432398 -0.271076401759731 0.335921159749331 1.04408364674401 -1.34083113765635 
107 0.87 0.54 1.12955631656299 5.42681286222171 3.27049176475144 -0.661884092927414 -0.297095556802014 -0.019579094708299 0.0352692807043647 0.577859024011158 0.437692459952088 
108 0.15 0.76 0.538254061459677 -3.5821227338102 1.97767152805925 1.10966815811676 0.119046368670014 -0.548656316069764 -0.473357758144771 -0.500528690247724 -1.03535630351974 
109 0.96 0.41 1.71738045891388 7.33525737590625 4.45756274308374 -1.0843236793357 0.00730378128150422 1.18063468886031 1.02352470498613 0.215675146255943 1.21473901102251 
110 0.22 0.8 0.179511183280115 1.64261139165969 1.22091977046881 0.159553248548894 -0.769823965460578 -1.88869085974818 -1.49223452022078 1.06010141870578 -0.913597536848544 
111 0.07 0.68 0.695090347713905 -3.11973673543382 2.10166895496292 1.01498035654512 0.122585196996804 -0.218038276108713 -0.171951207964929 -0.544467283369801 -0.875637541430801 
112 0.14 0.49 0.951355580266772 0.52943591467839 5.28349839266117 0.170872175117181 1.09505384043687 -0.0451445671958445 -0.4059264258342 -0.97941765026032 0.326102819368577 
113 0.35 0.29 0.896136399765893 -3.45062703149603 2.23234960635104 1.06977747601752 0.214618324000999 0.294614544006567 0.280437090793592 -0.783764416705481 -0.76442853161375 
114 0.35 0.21 0.923381895813289 -12.107555621924 -1.00708139361775 2.86225572493948 -0.242037645191686 1.28461298010205 1.49545567292617 -1.55255793288335 -2.29226891106593 
115 0.09 0.62 0.747039678208716 5.56814918489876 4.85429330917163 -0.76085171276507 0.367037090062526 -1.00488566616969 -1.1226476825641 0.3379896921797 0.590619932940066 
116 0.97 0.32 1.11164952377596 -3.02829580194687 0.266971398315927 1.08153959247307 -0.67431274056036 0.834973334974853 1.09259155431323 -0.196596272974702 -1.04364727431433 
117 0.28 0.79 1.05182937352065 8.35830212065204 3.61649820513872 -1.23261106294655 -0.464890592453704 -0.497006041042441 -0.395882702163026 1.12511949652379 0.748232119701505 
118 0.51 0.31 1.19120701651602 -0.284148114684456 5.4869910189933 0.31326332246468 1.27045746775313 0.604884387715085 0.152859341795706 -1.36744338412726 0.429899781234097 
119 0.27 0.28 1.19389054907514 -0.256251796541286 3.18377312088657 0.417470409926086 0.27879780015685 0.679614883233346 0.571107557841323 -0.617242941998542 -0.0820576259584253 
120 0.32 0.04 0.711611236186207 -0.941346774864236 0.997125107264077 0.655014921599464 -0.586504352324221 -0.351640595155243 -0.0798114289174014 0.25595990898075 -0.908183721381895 
121 0.1 0.77 0.931902875768989 -4.82910158165426 4.73311028609033 1.21151923370605 1.43680833247256 0.435222547088354 0.00262305026403897 -1.90340986604096 -0.314069586018136 
122 0.59 0.04 0.847146934362547 -4.31011086852018 2.40182113429707 1.22480771726269 0.380017594277824 0.253036307898649 0.196040290283004 -0.986230789043468 -0.835171673771555 
123 0.84 0.73 0.581754083066097 1.50255521132243 0.389008786521523 0.222369665770212 -1.111322466088 -0.879052351777349 -0.425012075506524 1.04409641660368 -0.886818097222283 
124 0.36 0.12 1.27573963516993 1.03321866982941 5.52084563423875 0.0616056319238944 1.14298667945081 0.682364508436667 0.250767707951174 -1.15824659277775 0.609438686520957 
125 0.25 0.33 0.75650390584396 -4.92946105542517 1.39047572010562 1.39086272740762 0.0125982269906594 0.124424281048978 0.213992969028049 -0.729681974458505 -1.17128581861411 
126 0.77 0.6 0.867921549550626 0.203359009409911 3.39625953452256 0.323000474905467 0.320031239898341 -0.157325218841304 -0.233590963616655 -0.3827184097562 -0.174534828426359 
127 0.53 0.92 0.979256712269048 1.68374992989786 3.47615066169774 0.0380784798516064 0.194768642570333 -0.0321099518577756 -0.0941824734766104 -0.171604486664529 0.0457974410992467 
128 0.96 0.61 0.531445094265218 1.81143854736865 -0.553697358236216 0.209129410637156 -1.54935896772065 -1.00085218996359 -0.389549178819871 1.44579531499858 -1.09721500710374 
129 0.56 0.04 1.13810269025297 -4.17820761912798 3.04296062703417 1.16700571583151 0.641352135809724 0.922863793651196 0.729188739295534 -1.35191837481656 -0.515279511373512 
130 0.27 0.52 1.19224800280851 0.673051424467767 3.7113999458389 0.216488609541959 0.405034005350868 0.570896629755845 0.41123812356318 -0.593802549030573 0.122981965798199 
131 0.73 0.94 0.895454287755105 9.57321759394496 6.47947914817185 -1.59744397090862 0.63279583054614 -1.07822603846883 -1.34385359470178 0.550070475710364 1.41644243834331 
132 0.5 0.68 1.07121836690183 -4.33279388773399 3.92426431641308 1.1549050622794 1.03624463538425 0.749049292176288 0.42991069010439 -1.62693891877743 -0.370040595681505 
133 0.7 0.35 0.879340918796921 -0.0359254936655593 3.99859374226338 0.339563847495104 0.604408350057488 -0.125522628801076 -0.300289747683116 -0.634893302866521 -0.0557274788383333 
134 0.34 0.16 0.966675203024613 -8.71285734685373 4.51869575018372 1.95659162299884 1.76375878344346 0.895637626203205 0.375938364746821 -2.66401277396649 -0.709202981443949 
135 0.17 0.85 1.53904047825257 3.03797835601477 -0.121127795986283 -0.0517490141743295 -1.49475895916589 1.30052336086231 1.72734990425254 0.918643568139625 -0.317332036859997 
136 0.49 0.36 1.65505015766275 4.03493996046535 4.24854489211336 -0.449162960781328 0.2735162074864 1.35098850828669 1.13807663643752 -0.363422774776271 0.821239238582318 
137 0.03 0.84 1.38667813266033 6.48509676478409 3.4504390656653 -0.872840059572437 -0.333698258578152 0.494568535757272 0.513790002701285 0.575839841291102 0.722655273446234 
138 0.18 0.58 1.68573579290809 9.92410666366768 2.06530171107082 -1.46037010226251 -1.29887238383644 0.931352817647926 1.21128587088504 1.54932838806558 0.905282531005795 
139 0.77 0.72 0.225850430835509 -3.44065873355055 3.78050470369808 0.999695908242304 0.877269797244197 -1.3715230053241 -1.51231120561333 -0.856009919230363 -0.793871145591095 
140 0.98 0.46 0.969889811784839 -0.318713189757242 0.148233173108764 0.575431548021904 -1.01773963764518 0.238467222854528 0.615009862179365 0.495863138820214 -0.894239716099918 
141 0.74 0.73 -0.154587378024231 -1.15060507635707 3.9880919650043 0.559413158973014 0.718881876995116 -2.51409292384282 -2.55991133781857 -0.204414908399726 -0.74529588282278 
142 0.07 0.34 0.465289789217868 -6.42087494958324 3.74854782700732 1.5634083366081 1.18532362520847 -0.508882279728374 -0.76918215355419 -1.61820421414023 -0.947614285491295 
143 0.62 0.98 0.80129038812095 4.50094073896455 4.05468333102674 -0.521258917811147 0.138992545848815 -0.747705851056414 -0.785975897992215 0.340440163675702 0.341227504218187 
144 0.77 0.59 0.745307454484931 -0.867277510232169 1.63599899839532 0.610346090036447 -0.320217303976543 -0.297049693034256 -0.123442291062202 0.0429345043152515 -0.739066046194147 
145 0 0.87 0.934456722874333 2.13070410302822 0.916055659611154 0.0755589129522439 -0.952417380447668 -0.103969640295724 0.235355551538183 0.779244164949651 -0.510885503572595 
146 0.04 0.32 0.392537407068433 -6.68827230711139 1.99292914819233 1.69808482501442 0.460482030719577 -0.604927307088988 -0.600254632008937 -1.05874340101685 -1.4072063132238 
147 0.44 0.1 1.5383995765932 13.60598110856 3.87206929552871 -2.24202935710134 -0.920667097841134 0.169502750566063 0.310830113354767 1.82384697092579 1.57480843053293 
148 0.57 0.02 1.17097082278378 -0.09887509147452 4.65495088520061 0.317916681768698 0.893294876791444 0.564021603472544 0.244501618212178 -1.04647347885963 0.249558288516833 
149 0.65 0.22 0.190811068584108 1.65182485675622 -0.452862350490784 0.237299942752582 -1.48927317851651 -1.81076719867213 -1.16644208358408 1.5970236661777 -1.28142576303832 
150 0.14 0.73 1.1030492541473 -2.82693824035224 5.30598552065405 0.803907946065982 1.46694732861744 0.639899956652727 0.154066382701446 -1.78157418251162 0.0996563452037209 
151 0.55 0.93 1.01563560223329 -0.652404612599268 1.85494842052905 0.557078866089961 -0.24908256070115 0.328095680823676 0.433539235692496 -0.155582297470867 -0.517555446975031 
152 0.41 0.99 0.16549566404881 2.21490214867509 3.10395423347581 -0.0381939793179503 -0.0232842656172874 -2.03499468660433 -1.90014167729779 0.578088982257496 -0.445509872368448 
153 0.1 0.04 2.35851061791023 8.92369694808942 5.77651021963638 -1.45289012858632 0.402895247724598 2.53590380779228 2.12957493167082 -0.289769909966568 2.02112999048434 
154 0.54 0.14 0.418672287050369 -6.92391859182108 0.219360700768939 1.82680581273401 -0.275368961349259 -0.464810600091459 -0.206865475254083 -0.549886744091415 -1.81216105247054 
155 0.12 0.71 0.707515049395927 -3.12416303556642 4.47334649891226 0.902953580618033 1.14111777079294 -0.260652920538543 -0.569933408511354 -1.32159131827233 -0.337619871875874 
156 0.88 0.1 1.30053544575887 2.19948138646374 0.243215485041696 0.0915740102165861 -1.24820610675792 0.793610585976808 1.17853074563352 0.778199560851738 -0.449102183869125 
157 0.75 0.38 0.836554732352825 -0.734101801312473 3.52749649319175 0.494466590079472 0.477451313225521 -0.147772809304638 -0.266170454887051 -0.600251217911252 -0.251287748839174 
158 0.73 0.99 0.874880116952849 5.81133504953529 3.3268290826439 -0.735292025257983 -0.314702138847741 -0.672517331097044 -0.575395882177771 0.801909829980525 0.3432660230531 
159 0 0.65 0.697728150086389 1.50991899515621 3.7183792698218 0.0617400489930287 0.317153159753556 -0.702391728959546 -0.762068901070436 -0.1068064645903 -0.0748028772516481 
160 0.21 0.14 0.945584695562673 1.35907023210818 2.58700422417745 0.142084838891405 -0.151913949729848 -0.0550680886783082 0.0110269211501529 0.0703471373311819 -0.203047115801376 
161 0.01 0.57 0.141999804284681 -5.30623359207623 2.80780089588676 1.39975747280356 0.660877285765929 -1.36623888688194 -1.40374160976724 -0.875547495456618 -1.23515769914083 
162 0.3 0.37 1.24796305820454 7.43513129578472 4.93747587310783 -1.12225520457713 0.201960213133974 0.0235561565677412 -0.129480030831278 0.380160363073456 1.0674795475163 
163 0.86 0.04 1.23038944662828 7.44868243740087 3.79811569065362 -1.07050610240638 -0.288592082741983 0.0149358121900343 0.0347493912999553 0.763265426778585 0.80356091995892 
164 0.27 0.92 1.14325817689 -3.81155035102254 -0.742766994186241 1.27755626946434 -1.02321271307602 1.01693843951624 1.39716609163239 -0.0525779480040982 -1.32606204205916 
165 0.61 0.93 1.08396537604108 1.5815687083138 1.29510306417698 0.1602751863316 -0.730293571835937 0.297453599258235 0.54110301783482 0.446937643103528 -0.393636567657672 
166 0.35 0.08 1.76378457683288 9.76307620545197 6.85489580849622 -1.65824601604681 0.774521261734036 0.987573740142516 0.53719686095578 -0.085459959320946 2.0072570973257 
167 0.17 0.96 1.60499099009183 7.98865558162628 2.99128337193871 -1.13738200222778 -0.692714846052342 0.892330289602164 0.990170889808101 0.898212803334951 0.884601826572994 
168 0.74 0.17 0.848091978139108 -3.01031316807509 4.2972505618157 0.888640047329849 1.05341903360206 0.0731633085683543 -0.228306845976474 -1.33045719790123 -0.287202528587839 
169 0.66 0.08 1.46766213997092 4.23383616138438 3.6768542830776 -0.458116803750806 0.00643505133812342 0.897444424928655 0.804518980206433 -0.0174263197013053 0.606435854373216 
170 0.39 0.92 0.59892025233666 -1.10649636733505 2.86694587381474 0.598283572230511 0.233791645865288 -0.665423424911531 -0.659540186335717 -0.312285771426266 -0.568220415394628 
171 0.55 0.28 1.14584766177548 8.02982870546375 7.0430667208752 -1.3341138868044 1.041507566874 -0.344335055480394 -0.777839723253745 -0.113137695283389 1.53796285133527 
172 0.21 0.21 0.661603362475106 -3.41041994701842 3.55619836337931 1.00111710593522 0.778255849415461 -0.315945030150358 -0.489867876442423 -1.05477537858789 -0.596001051489645 
173 0.82 0.44 1.31112600926141 16.1542706551694 10.4781969141791 -3.03665725938384 1.63984184422526 -0.825047426075125 -1.5581037311916 0.358791843501697 3.1677520446205 
174 0.5 0.42 1.38696101961411 9.86798868343067 7.84173389179428 -1.72198157988553 1.18634402703979 0.0378540856615993 -0.498148922615304 -0.143153339378155 2.02618370738722 
175 0.33 0.23 1.96576467577345 0.247377623790702 3.17846347382957 0.316155701039906 0.223132480251149 2.49448543737605 2.28205642512989 -1.00269542923112 0.398773716594582 
176 0.04 0.07 1.41963169814138 7.27705734952147 5.51995582845405 -1.12141465192527 0.469249977701307 0.434946258469557 0.163943672712296 0.0491790518106709 1.27970641317555 
177 0.75 0.29 0.6880481206865 -2.95118852121364 4.76583584880626 0.856461606827666 1.24798580683355 -0.33311003961242 -0.677888641392105 -1.36795173332542 -0.266706583499465 
178 0.1 0.79 1.51436403331611 1.85255443132856 3.74535808169269 -0.0109967607745543 0.292768799590339 1.23483668302628 1.05478901389374 -0.564736459235031 0.423259967736379 
179 0.79 0.6 1.24647021755808 7.43301098539129 5.44166407117963 -1.14581402786606 0.418609338999389 0.00463263404393996 -0.223344861917549 0.217343271453832 1.17941680565401 
180 0.42 0.33 0.932997461707593 0.797758830418855 6.65590311490088 0.054976803407401 1.65519036176545 -0.157255700008129 -0.711794756100044 -1.35647970671822 0.648627757831343 
181 0.98 0.91 0.496389062698395 -8.82158079182622 -0.114242904538405 2.20124935807799 -0.213770165578489 -0.0862551308553757 0.153824497234807 -0.886101721491945 -2.02232493208895 
182 0.46 0.42 0.990131196761741 5.04092973359985 5.6004089443306 -0.698492541354189 0.744474511296509 -0.391018399479866 -0.672980409443307 -0.168309534047117 0.844866135126604 
183 0.01 0.95 0.69494306508351 0.967584704187375 1.56165179568303 0.266965569565763 -0.550120881110383 -0.591057533412749 -0.344881907423092 0.480805536555975 -0.610847863973125 
184 0.81 0.63 0.574965078301762 -2.0640323525565 1.95305058376662 0.823181937394175 -0.0552355729702542 -0.60389575238263 -0.486182736661717 -0.200156618995931 -0.876888376455867 
185 0.22 0.9 1.44643686052582 1.99191101158224 0.0929977454110169 0.136828905779662 -1.29011818921984 1.17009216006603 1.54873695619232 0.690695341875003 -0.420233910931813 
186 0.67 0.21 0.647731295783343 1.1406730732738 0.294172140693508 0.294846763283568 -1.11291391505084 -0.68245051111236 -0.235083194443763 0.957490006486403 -0.905096390125875 
187 0.88 0.42 0.587866015874362 -1.53264929510958 4.89539660891506 0.582594489463491 1.15045801415443 -0.71396316012772 -1.02102464352173 -1.05098823065603 -0.160143035592504 
188 0.41 0.77 1.30270724497745 8.19020544056873 6.19000788805155 -1.32517902626343 0.658224198320633 0.0451852090037257 -0.280818320955067 0.0965938857810313 1.45024513164559 
189 0.54 0.36 1.70594728600442 6.07695436835153 1.76420355937881 -0.717987315232402 -1.01309698788684 1.35581250709941 1.56488387946713 0.833700191249585 0.485984856761524 
190 0 0.81 1.10026822785839 3.76371390693661 3.45893560392564 -0.35579822064693 -0.0368415263148569 0.062340540073392 0.0449768149196264 0.189522383845065 0.306421877408813 
191 0.82 0.58 1.27212496002235 10.6179346335154 0.237534868972232 -1.50146092489077 -2.1587875094521 -0.0765753707963114 0.559958872909703 2.54935404766757 0.32840859861382 
192 0.67 0.51 0.403544131838863 1.27045274801857 1.78307512184427 0.201461418012156 -0.488101115240631 -1.32992015480423 -1.06277138139906 0.657796891593856 -0.696661510412148 
193 0.15 0.34 1.02074899924288 -3.28160749808186 -1.15909161422983 1.19802726655141 -1.25923449024143 0.683645559261419 1.16036227597186 0.270604233535593 -1.43827842256155 
194 0.32 0.24 1.66800398198543 2.39901930439177 4.76143129828904 -0.163988909559742 0.670156589412262 1.52226815508613 1.18306931932941 -0.878128161274611 0.789012338825267 
195 0.56 0.22 1.61622620959591 12.1560399681309 8.42043127057167 -2.18445505916109 1.18821395444594 0.35537473103539 -0.235357211325046 -0.000774038684591583 2.50091860931827 
196 0.2 0.03 1.19552671703435 -0.238683433978025 0.907519657701773 0.522358886324685 -0.700174601776482 0.751971381288224 0.982824642960282 0.122741695239315 -0.589537475324098 
197 0.41 0.67 1.23633382115912 0.0549052364794764 0.476112987740594 0.48696742642148 -0.916975444296463 0.835766256689892 1.13316426910099 0.297557001578516 -0.635519508515761 
198 0.53 0.91 0.525091286074822 -2.55289452653908 4.79270614620381 0.78110698111496 1.21635676609491 -0.765116999398212 -1.07702377384835 -1.18994591023833 -0.314808580588353 
199 0.33 0.12 1.53209024969242 6.10249217315414 6.12884244848063 -0.928939077210257 0.857452689968571 0.799452465761525 0.385964457407257 -0.464070789934829 1.36855650568851 
200 0.82 0.68 0.515286641561042 -2.44124935466061 3.0941492610074 0.840812728768914 0.475197858319152 -0.747115620351068 -0.801199089090152 -0.610239713114968 -0.690397213031723 
201 0.05 0.33 0.514915443090134 -5.1088563959224 0.934173648358845 1.44846745463524 -0.164211849214335 -0.427438315976546 -0.237756063356086 -0.465213393308985 -1.42645559536499 
202 0.73 0.35 1.59474649466269 4.89143021626069 4.3728042965357 -0.61670952064384 0.234390304568775 1.12006401808317 0.923038912428251 -0.187075101973678 0.895999399942896 
203 0.7 0.34 1.37497056349802 5.22491022017715 1.71833308656352 -0.551848887356146 -0.941279310015833 0.639668473510348 0.881858144505671 0.882258198906176 0.208965005144409 
204 0.2 0.66 1.18570995908351 5.9250816239289 4.54210163721378 -0.817115520607309 0.195061191967886 0.029322851633714 -0.0993718821479798 0.233793470000567 0.80128167000168 
205 0.29 0.3 1.52687633763165 6.4120440312356 5.94620309433079 -0.978808426533791 0.745656873693674 0.763010709391888 0.386597084727701 -0.337190349035429 1.35392053473766 
206 0.15 0.25 1.28120162951937 -0.2946635306434 1.60544715162422 0.499079550044987 -0.394446920283984 0.94256462685263 1.05454879112824 -0.169594014347178 -0.390207077608854 
207 0.22 0.01 0.975300686115725 -5.13905399955182 -0.301520039272581 1.50921736099451 -0.690813323847214 0.724476760741193 1.0261127887877 -0.364619434702613 -1.44705628104424 
208 0.39 0.07 0.988062225471364 7.78206526407472 3.15596552094315 -1.10112314976448 -0.600492128642672 -0.581826321141618 -0.419091791250983 1.1950769070437 0.554741482349351 
209 0.95 0 0.821913774144618 4.49041872473688 -1.42660241995405 -0.258819435020301 -2.21268312645664 -0.528177604439741 0.246614820332758 2.1007231369775 -0.876395534015041 
210 0.37 0.38 0.994021788446037 5.41331403113077 6.10548307491337 -0.793027193905068 0.921112236346802 -0.432647032678571 -0.779555341307322 -0.256940146150114 0.995388651855097 
211 0.01 0.78 1.19409456109032 1.97331416029946 4.43579258928101 -0.0640960113603349 0.57572013782347 0.429208791581392 0.199402765467369 -0.559159431459256 0.409098313211708 
212 0.43 0.51 2.07272978252861 6.77752956829678 2.9232797468579 -0.908672018312025 -0.590689566077594 2.13851543976447 2.13865727461745 0.370200079563768 1.01830459552338 
213 0.26 0.21 1.23633042493634 -1.72889648811665 1.0158908844141 0.798960055363902 -0.492855611681421 0.989034486335259 1.15381680734632 -0.248363879153047 -0.682975254171491 
214 0.71 0.68 1.72820218351412 2.75279272778341 5.56928373337204 -0.269851482923686 0.978837783194287 1.60897076179006 1.15046135716473 -1.10459910800704 1.037318474337 
215 0.25 0.42 0.891191708505776 4.5821764887343 2.98023553755865 -0.486276347017149 -0.330866382075196 -0.505414424064206 -0.395156375358748 0.648100312945979 0.158740076479401 
216 0.09 0.27 1.64833014287236 1.26320999395564 1.06719021328995 0.226815245198859 -0.793095210347214 1.69670822270266 1.87765497132507 0.0948571797518347 -0.157091964227732 
217 0.15 0 1.48992124366058 -3.42753147431343 2.25960486914327 1.05931351581593 0.224550108753631 1.7244878780967 1.61503462042223 -1.16622531648096 -0.421909947584248 
218 0.3 0.06 0.895898032952502 5.58125520867016 5.39705984138014 -0.790341455479796 0.598786722425098 -0.663622026261287 -0.884894523795025 0.0700197287912585 0.797269257076444 
219 0.35 0.36 1.11804096503994 1.28254720217009 0.105665565981778 0.27315515865761 -1.20856096226189 0.444784513980186 0.85160323048132 0.748325913134915 -0.66921362033794 
220 0.8 0.79 0.569891416050547 1.42836471939643 7.87610589981247 -0.119474019350584 2.11049422718019 -1.1311260817857 -1.79279436069544 -1.38915735435881 0.777197762635752 
221 0.55 0.43 1.26444517589159 -1.58042702096965 5.33044781712318 0.565488256796982 1.34318186857506 0.909903068937733 0.43192829608034 -1.63306140159363 0.313666225750491 
222 0.16 0.3 1.40068300184524 -1.08883997631577 2.10376221521749 0.624751624772321 -0.0947313411849967 1.29119300457893 1.2872093783789 -0.572372489807045 -0.286268656784855 
223 0.6 0.21 0.748275412970058 3.7840143020703 3.59614766560679 -0.363321583541003 0.0194376840515717 -0.793240904963949 -0.775978585234186 0.373631728036939 0.140954237247901 
224 0.68 0.92 0.56348115123812 3.12469990574953 2.62160838306396 -0.190691206586809 -0.327986478757004 -1.14638406075724 -0.974639308315278 0.669949436575166 -0.243681456813097 
225 0.82 0.32 1.23429121027404 -5.70601817695229 1.72278617329246 1.51819829883372 0.239592677581187 1.34114368587837 1.284540597032 -1.30337816129961 -0.901198055439242 
226 0.39 0.79 1.05331570065863 -2.59003181769338 0.67874886025833 0.979473052063781 -0.544904878859267 0.639783555301389 0.857911707592833 -0.20164252198966 -0.942835924039095 
227 0.29 0.29 1.35913145035986 7.8211615044471 4.64562364929686 -1.1823486122373 0.0351769575384314 0.264044732259965 0.148580059248862 0.484154628929443 1.10110105853876 
228 0.96 0.86 1.12293827807529 6.77144725779143 2.57086499770929 -0.883092759105116 -0.742464919530276 -0.142076893650753 0.0573724964390508 1.08842597819066 0.404141198442425 
229 0.43 0.68 0.286422697412633 -5.22641949728148 0.725941528350871 1.48246735076851 -0.241192125291962 -0.961225230285193 -0.708602140748117 -0.27658887936594 -1.6128293861015 
230 0.56 0.42 1.49460047554784 3.24081067317088 3.84054550436774 -0.278146852017041 0.18385098289864 1.05199086332634 0.901449546241397 -0.294190526403636 0.564528370834823 
231 0.32 0.85 0.680374427639638 -10.5218762258205 0.38523226364887 2.49786509766082 0.184266131273504 0.504299287881675 0.591737836548338 -1.51885721158272 -1.96736395428625 
232 0.95 0.34 1.08043525501604 0.11095550589843 0.195170403631885 0.490974660856659 -1.04380598927272 0.462865570692786 0.827882853276301 0.499584164112406 -0.780933570540325 
233 0.15 0.63 1.14310557904963 3.78172725071721 4.66523870664927 -0.416909134943434 0.479071843157455 0.126859593398884 -0.0763125130722267 -0.224803525619749 0.602541442027372 
234 0.86 0.99 1.26417121327713 -0.842707424728084 4.29677724286023 0.474994161155724 0.819900912681316 0.870803806236267 0.568449948282677 -1.14457755162154 0.1515358483156 
235 0.57 0.31 1.1550641593001 2.58138591131731 4.57861964827776 -0.185673926749207 0.571387506555189 0.272709129890546 0.0454615252932076 -0.454060693815435 0.476540549478579 
236 0.59 0.24 1.11316676533479 9.30638968887913 5.97849582622359 -1.52487466015579 0.446797728891797 -0.512007878742164 -0.744503658016623 0.518099757578797 1.40153842331162 
237 0.65 0.51 0.81261935766971 5.2287801191243 1.76999593631483 -0.550495398416545 -0.920206059251351 -0.719347716658161 -0.397714251419153 1.22473004783644 -0.0956305221499321 
238 0.58 0.46 1.14341422103803 3.82134435892332 8.06139734860645 -0.585885239631113 1.93259600941867 0.0192700579030946 -0.68872534591685 -1.31691562333486 1.36746145235559 
239 0.4 0.93 0.594790515070886 -0.419871740299633 3.675942888856 0.429880566260484 0.506980684420291 -0.765693060268444 -0.859594712131529 -0.428889712101665 -0.324442789865671 
240 0.13 0.27 1.57236408457348 5.63928492779834 6.73941762938104 -0.870614121741011 1.169557210421 0.921959608086294 0.397723925594049 -0.783885486391404 1.48431188083914 
241 0.81 0.85 0.613768874252625 0.109660474143036 7.46657495125512 0.149261591270625 2.0770071741459 -0.887035318142548 -1.53307761779109 -1.55877465832527 0.585631336341692 
242 0.9 0.54 1.20628208490022 3.35025620814255 3.90775447944068 -0.299730506136123 0.20054287635698 0.343732311304695 0.231000513312431 -0.10944183903817 0.427631816073537 
243 0.62 0.74 1.12071960469574 4.69304200504808 3.08749903226129 -0.514216139136087 -0.296503038339286 0.0346170255129676 0.0966196028640168 0.49013075817576 0.322439327905688 
244 0.22 0.72 1.34424432003494 6.55153033917535 4.45122807198482 -0.932656276443089 0.0886713183798793 0.35502824446002 0.233670543485516 0.292506607989983 0.929297233637148 
245 0.65 0.68 0.816906698305579 -1.12362709825498 0.396534371870561 0.717224169657837 -0.824516111140751 -0.0616912657827135 0.277979941792105 0.345490348707953 -1.00070310794802 
246 0.85 0.78 0.698795943232932 -3.34802573016747 2.53407545700144 1.03760410820858 0.332825526196933 -0.200665949082832 -0.226250125958351 -0.734392053316596 -0.798211207582407 
247 0.39 0.73 0.321184871393921 1.08929143531523 1.85171280461479 0.233155357406417 -0.439196781785012 -1.51352703774662 -1.24915966029424 0.650367028505295 -0.744743042353832 
248 0.18 0.72 0.562066970016974 -1.94006276254907 2.6929404116497 0.76464088208403 0.248972848373677 -0.669608294005767 -0.656494572595713 -0.405829099564445 -0.706651288318322 
249 0.02 0.13 1.00369529091962 0.0697764844789663 -1.58421556148553 0.583992386744808 -1.80325696181732 0.336383745260859 0.977151770762175 1.11634354760373 -1.22673888941947 
250 0.47 0.67 1.0831679857833 -2.53031611031453 1.75559304847062 0.91672843752893 -0.0890759166992058 0.672981169941331 0.727816740374079 -0.557080638035952 -0.679097310672298 
251 0.11 0.54 0.745171115908882 3.08021775719595 -0.767009847836137 -0.0226228086583637 -1.77752727364466 -0.599367166532297 0.047769919619731 1.64261391861805 -0.904927372489592 
252 0.83 0.77 0.645378474597157 -0.082966991392512 3.06161450659094 0.394908006308845 0.207000266784936 -0.656788943489239 -0.657141470620511 -0.192041486559454 -0.401818759164278 
253 0.83 0.83 0.795028327572488 1.11291538540623 8.26303353607536 -0.0799778961218077 2.31088482123913 -0.569697573091847 -1.33308048259615 -1.72360527287397 0.96084428287338 
254 0.66 0.5 0.733464468783449 4.09596723353541 0.516170663228014 -0.275810496601749 -1.33630781271516 -0.763867393868246 -0.276350991405795 1.44569585599384 -0.528088077204555 
255 0.96 0.59 1.54603290523667 7.0204979540228 -0.689652148432486 -0.77862805426563 -2.16838791797038 0.955592889649756 1.58258278635781 1.92679981802567 -0.0648056017543959 
256 0.42 0.29 0.716043283086359 -9.08182137464622 3.45031923112036 2.07925479810501 1.34465440021059 0.35885122079749 0.0262995934443158 -2.23493835267992 -1.1245128106079 
257 0.3 0.05 1.30249574427723 4.62339372342705 4.09382948229494 -0.550347865266237 0.143197823090932 0.448926906985369 0.330844570220427 0.033799219986262 0.643679454573873 
258 0.72 0.33 1.38603497974941 2.97812985846199 -0.358740080582918 -0.0278867866421989 -1.59048435918903 0.944308703602617 1.4284599193405 1.08068114262689 -0.462350109983976 
259 0.71 0.44 0.214353320029398 -0.90190028013894 2.5517786711986 0.577646793523444 0.0759676584126791 -1.60323726730042 -1.48490127299514 0.0774655949516532 -0.835992780776098 
260 0.91 0.54 1.02308570508253 10.3795830999945 5.03490809945516 -1.68242849336689 -0.0741126932874958 -0.802553306892952 -0.84913207735607 1.10442397786541 1.24071452370191 
261 0.93 0.06 1.14809603328426 0.154546219224392 2.4435664305049 0.375274111747115 -0.08330418720748 0.552768048977007 0.573640522129481 -0.262818911419993 -0.234916014130067 
262 0.45 0.84 0.693315105187805 -7.04807954743402 5.17764486506743 1.61234228362884 1.86669720512995 0.0571227178384401 -0.469717288796984 -2.35694622119452 -0.558246611375965 
263 0.69 0 2.08737214992496 10.0064743712153 6.69998816013171 -1.6995675243078 0.682166142360154 1.75003740227799 1.27978380131057 -0.190878892484458 2.17766618083286 
264 0.78 0.41 1.15915215638849 9.48648628954183 5.5318984696288 -1.53810270017507 0.235725135376283 -0.404439794698081 -0.572250607838871 0.670927054343866 1.34435260733445 
265 0.66 0.52 0.24607600440326 -1.17892916178099 0.0208615986923966 0.750165039343133 -0.980503591065581 -1.42237746215123 -0.940020571812434 0.819489181566257 -1.41141465524709 
266 0.79 0.46 0.701924792213566 6.41239126160131 3.13346367035374 -0.838475507873958 -0.462751499224809 -1.14118360101668 -0.970899934532586 1.09981006910625 0.259328493586467 
267 0.99 0.2 0.43397849790225 5.03933395399278 1.85611090057106 -0.515670974912114 -0.863267099829345 -1.61768567040271 -1.25582851860297 1.39874392356247 -0.307349534571572 
268 0.69 0.26 0.901886663512747 4.80514246826416 0.53256026637425 -0.412190435262399 -1.40556684278339 -0.425482405802957 0.054282590786308 1.48056898639449 -0.362661355766032 
269 0.19 0.79 0.727670492000365 4.11861481920414 0.923070169868582 -0.299397200337066 -1.16409673486639 -0.792533997086831 -0.364075071660819 1.32228806165453 -0.438033848504629 
270 0.93 0.03 1.25498160289666 4.89006326154605 0.442414651937757 -0.426831193324478 -1.45299182163885 0.421287973391029 0.86232411125815 1.30239857564747 -0.176092973063635 
271 0.27 0.94 0.955259187331187 0.277711692369376 1.68976783752203 0.389357944640381 -0.420392473979047 0.0988945314020092 0.26550948122739 0.129889048743109 -0.500742568560934 
272 0.85 0.87 0.977457068820499 5.35652437486799 10.1802678195238 -0.975884201910879 2.67631484627043 -0.592666570484883 -1.54570510365647 -1.57818803268976 1.89377481810331 
273 0.62 0.24 1.37541212601931 5.01518707333499 2.61668949237614 -0.554867262696022 -0.533037199554698 0.633050129403929 0.73520320369645 0.547335274186653 0.390716199516632 
274 0.44 0.58 2.0366718518875 5.43839566542913 -4.93924862093981 -0.281061824130344 -3.82126117464653 2.42111639178888 3.55894996729789 2.66161288623089 -0.890241130567026 
275 0.65 0.62 1.70636792033548 4.62607319338453 5.4383631045748 -0.618044819762284 0.720540682950235 1.38189407428116 1.00108993215837 -0.658592898443646 1.17254588371011 
276 0.52 0.37 1.59630455950356 7.64993952702043 5.57637101186377 -1.1961071675468 0.453458265722837 0.824038969606652 0.528203602822146 -0.00412786414514543 1.42699715947261 
277 0.02 0.6 0.63574025870996 2.17999929768388 7.58711074685289 -0.248542690687493 1.90544395064305 -1.03491124787541 -1.64172055823087 -1.18115210467583 0.820466162262257 
278 0.64 0.76 1.33505857433953 5.30122432810527 4.38061410373746 -0.692553410760442 0.193221120947144 0.454118662862244 0.308111094575605 0.0611469578156413 0.790263874440114 
279 0.29 0.97 1.45352841795652 0.512347886940313 -0.0687215272626256 0.424528231841131 -1.19992516293694 1.33310286228452 1.69144164551861 0.430784395663616 -0.592163678359815 
280 0.63 0.74 1.24387885805497 10.0023370507935 1.25595343064267 -1.43312783849311 -1.65526167375916 -0.117461997333925 0.353711074462174 2.10939144619173 0.482597278725833 
281 0.67 0.49 -0.0170737981744069 -3.09792752580038 -3.71354604427551 1.29309600842533 -2.37681012765367 -1.75965958188046 -0.736414666224944 1.79774129325913 -2.57750755496586 
282 0.9 0.39 1.4231564549303 8.10110418514062 6.53326210776861 -1.32560635741488 0.815323978622788 0.333769501923588 -0.0646173087292237 -0.10990097500633 1.58654778196422 
283 0.83 0.75 0.30638469503302 -2.88502308098007 2.10071608735388 0.9737363344587 0.09638350234628 -1.17838215361673 -1.06512979204554 -0.247600178803941 -1.07248748528143 
284 0.22 0.5 0.855401196179857 1.57647649514299 0.0244217574352392 0.223501401044745 -1.27546143697346 -0.214507063020085 0.253661709407287 1.00317521679465 -0.807504337542797 
285 0.58 0.39 0.802155931060595 1.85283396806927 7.19631029298961 -0.169376496510559 1.77318785933757 -0.590127305533286 -1.17404643228558 -1.22867409075 0.795681325887112 
286 0.88 0.39 1.65563099243413 7.29971474953243 4.00174162362753 -1.05542444496715 -0.184598178666737 1.04904089290804 0.968351703602586 0.395295626804269 1.07448610375099 
287 0.14 0.66 1.26131967594753 -0.661851784867816 2.75955141189188 0.513872170564506 0.14053584325214 0.894025413508923 0.826410392545281 -0.607167416141277 -0.177454114600222 
288 0.39 0.44 1.34751651268889 -0.253877326639463 4.10958893875823 0.37176099884354 0.676134350988274 1.0216124113607 0.751478836443786 -1.0145693583433 0.212095250728659 
289 0.28 0.33 1.51165357712215 10.2428074111492 3.04330383022699 -1.56579131577882 -0.913656889750432 0.450795498110059 0.621300063076621 1.40975672181144 1.05653213618969 
290 0.95 0.3 0.0421319491912415 -7.45077622264204 0.92949900800373 1.89581216261772 0.0858308555154585 -1.34515589044185 -1.15014914549346 -0.649546982873088 -1.91472210031622 
291 0.16 0.16 1.13340827616302 3.6804919701136 1.19926628446857 -0.232874068687269 -0.997784431776092 0.219810708059283 0.531511899725759 0.883089993931978 -0.189124336367262 
292 0.09 0.13 1.03625813659717 0.628822904220767 1.83438497230324 0.315365607980312 -0.396091765425076 0.256466448052946 0.399277848626359 0.104456797859782 -0.38959616179889 
293 0.07 0.62 0.699993084428603 -0.877170010304401 1.946839541111 0.597805386160554 -0.185777469257736 -0.415029590262517 -0.281005811818823 -0.0309373206869725 -0.695853953436069 
294 0.09 0.88 1.34778063583107 7.24830058043458 2.74263599081698 -0.983339861513784 -0.71989704694664 0.349803549271603 0.502823579270535 0.988678819063303 0.614210228987285 
295 0.95 0.54 0.993795167205965 9.40638948726569 4.78367302685371 -1.48603016938665 -0.0770112454887877 -0.772811577921113 -0.805911412324698 1.00203329965836 1.0760530623945 
296 0.69 0.17 0.707004144862573 5.64440001313216 6.60631458924132 -0.858263861685883 1.11081621300595 -1.16270246780011 -1.53304059760289 -0.188185117346508 0.967873665150548 
297 0.35 0.6 1.57311482766992 -2.47781624036672 0.363838322316142 0.969005811526627 -0.691551055815917 1.89316226346335 2.08104581929391 -0.407569759818574 -0.71022086019416 
298 0.26 0.9 0.195457703057121 -14.0456349293996 -3.188591025382 3.338718346825 -0.970272718876933 -0.220248686771622 0.371510546304465 -0.785109006255475 -3.37380535815694 
299 0.65 0.59 0.824074676448308 -2.5531437101938 2.08471389773936 0.907493869309212 0.0543454419545174 0.0397824937684529 0.0850160686967046 -0.503317516426547 -0.753342513354348 
300 0.68 0.89 0.510486279292527 -3.04842962810663 -0.0708147737904428 1.10626709081189 -0.817868053858132 -0.603426884037903 -0.203043705241198 0.291777025164909 -1.45962270997084 
301 0.23 0.72 1.58528419181848 6.02555231500572 2.93039247035982 -0.762730589590699 -0.507113981910508 1.0336212667579 1.08613127302301 0.522132661800565 0.674530805288521 
302 0.35 0.4 0.839781556089152 1.26660617799706 6.33091136238111 -0.0175665395470185 1.46499926941229 -0.416851544731918 -0.894828930450469 -1.0942625629538 0.567597816752523 
303 0.88 0.63 0.399297912649391 -4.42624902045412 1.23810483394893 1.3057393852531 -0.107524318980754 -0.780815920210475 -0.59854176100347 -0.347986875441675 -1.35898609907635 
304 0.17 0.5 0.652430040698377 0.923160675269169 3.48942697612201 0.184059623711411 0.282114726290017 -0.748770626482723 -0.784501866389517 -0.125827065450499 -0.206998758897939 
305 0.1 0.65 0.549231924734028 -3.32584510820696 1.50211452613931 1.08367945707917 -0.112717531555732 -0.531931962811622 -0.37998715347713 -0.300161677037675 -1.11154430928611 
306 0.42 0.61 0.994384742684505 -1.32588823362203 -3.98753789000645 0.962522740734306 -2.68433977682178 0.52083696036976 1.48023030456699 1.61048682758896 -1.90227538141813 
307 0.83 0.23 0.69865404587192 -2.67872479032312 -0.46901646808034 1.05369847407411 -1.02844680090801 -0.172295465215438 0.269108554647681 0.377752374910765 -1.40803151703452 
308 0.36 0.86 0.656426378371047 -7.08986658662228 4.40734254882551 1.65717510233947 1.54050843788321 -0.00420053616042571 -0.411800713113684 -2.09259567317516 -0.755563850905316 
309 0.39 0.65 1.56035388002055 3.34323866976636 2.4751023799585 -0.233144996070296 -0.413232837651426 1.24294968059687 1.28864404654392 0.127533645032128 0.305243454464881 
310 0.6 0.34 1.18684818517878 0.362475877170904 4.46995988103134 0.239254626743512 0.764140581002866 0.564091533260761 0.283174767672721 -0.900696049789123 0.26059842420441 
311 0.82 0.8 0.76312217886982 3.88207245288892 4.60298541079468 -0.429874316146709 0.441062121929785 -0.797750870013922 -0.929907782440215 0.058411047630165 0.384179436414345 
312 0.39 0.04 1.43988913346657 5.16901650592062 1.68506195397075 -0.540211193876456 -0.949452449350758 0.802676790752756 1.03814068876786 0.840034613083861 0.232774305124876 
313 0.19 0.48 0.877769812334727 5.03331480898797 6.32707876321315 -0.730693901111439 1.05708118536459 -0.68381458217791 -1.05686488616699 -0.333680927765133 0.943732082322858 
314 0.4 0.11 0.418252203492877 1.9429708344483 0.383087773153198 0.140605314570619 -1.16157151425288 -1.31537682724251 -0.822262649539391 1.24183422250536 -0.938598068313995 
315 0.89 0.29 0.718337041628214 -1.40449333997679 3.70473231270918 0.613893455711207 0.625701399382613 -0.37466031918275 -0.520785852971243 -0.721776631617333 -0.341406444462727 
316 0.72 0.59 1.71836911169249 7.94630869037521 6.55266449601139 -1.29961211013888 0.840710274230213 1.06031787212505 0.608824693835615 -0.336534289664381 1.74245130664238 
317 0.93 0.19 0.461560947267533 7.24103214006101 5.13461486186549 -1.08853508936405 0.306560964734343 -1.86175982727724 -1.92814478892296 0.777118993624005 0.650677848890749 
318 0.29 0.4 1.66804773343735 12.7037330045996 10.447394683908 -2.3849212435146 1.99926863848304 0.365859289020743 -0.518825975285368 -0.576487685856245 3.03599390667654 
319 0.5 0.61 0.615035051770038 0.279947560578199 0.189765238554426 0.46300231413142 -1.06492285456238 -0.676159761346953 -0.233368400119049 0.833101777881579 -1.02815585853583 
320 0.5 0.51 1.00911715417335 0.0218699771951611 2.62523491287228 0.392873440111588 0.00881932990844217 0.224429725828673 0.235863436263499 -0.260692957391253 -0.284962530451387 
321 0.22 0.02 0.836888689115707 -5.26102175708993 -0.484711659075205 1.54213280845109 -0.756460046947236 0.407719846215918 0.754496971493869 -0.242433881313373 -1.57753003385828 
322 0.15 0.09 0.910457593741306 -4.65321019849928 -0.709821273285652 1.43718861648383 -0.918563758929913 0.534295876878994 0.921010979483774 -0.0899621015392531 -1.52917892300968 
323 0.08 0.72 0.700610782328371 -6.25225776648491 2.00189844747369 1.61263642609739 0.417674244309956 0.0967068724779867 0.0651275743864984 -1.16729314860269 -1.19062392912299 
324 0.96 0.85 1.35744878169872 6.88968861918804 4.19808187942042 -0.98473699587798 -0.0564528358125008 0.362479613553753 0.286686732233537 0.436439288483154 0.91193026542259 
325 0.61 0.4 1.48652187912492 4.68383287417891 2.29285881961709 -0.477645579685288 -0.636162147542472 0.94270779776648 1.06621068661513 0.512495681586582 0.349411673862335 
326 0.4 0.16 0.426020235559372 -6.2322467721782 0.400374320843394 1.68721293803943 -0.272271554176983 -0.518528796922745 -0.26844470001575 -0.469325976052889 -1.7021639116064 
327 0.33 0.27 1.70763879976975 3.71751226454638 4.22335868429436 -0.388304141518398 0.29701045833953 1.50890287498375 1.28231496918158 -0.454811510641481 0.815228811082193 
328 0.51 0.57 1.51725857600154 2.27249247253364 1.48186198030677 0.0171101676809271 -0.724130071517879 1.27151408794221 1.44050736002343 0.254014521970224 -0.0426657063299311 
329 0.57 0.27 1.54795602061699 4.90494038989653 5.61741376257693 -0.678065379609702 0.767123141775201 0.967544143876736 0.592742657436653 -0.557624393574261 1.14982756175365 
330 0.54 0.51 0.990492686841241 -1.97019003527024 0.652535191336546 0.863896610311729 -0.623096706055068 0.429951356614877 0.67984687820173 -0.0241723683580087 -0.925553318975775 
331 0.76 0.52 0.895173837361272 3.55349264092521 3.72298901621032 -0.326903386349321 0.0989299064563159 -0.420697514716742 -0.451810777639955 0.190966834640569 0.230299888325403 
332 0.73 0.24 1.34867399455252 3.57094243011837 0.372580854890754 -0.174570418670778 -1.34055858556818 0.775172410461485 1.17350760046669 0.990904138996624 -0.263539972911845 
333 0.97 0.24 -0.140775234042206 -8.36915308366225 -1.88994106032435 2.20518343529882 -1.02556725456615 -1.61227033215416 -0.99581494324159 0.189317667559083 -2.73615592034991 
334 0.25 0.03 1.37384037399095 5.49218997498403 5.54947032040952 -0.784589363288415 0.674398945586602 0.493531294906987 0.17298308217632 -0.302486078448476 1.09203780679602 
335 0.43 0.12 0.740155020339264 1.24870668321084 1.00764995655734 0.239727292944854 -0.818195397976595 -0.491671107044456 -0.161733915755769 0.689933838943795 -0.682998389551286 
336 0.56 0.92 1.40152957909141 4.80108545023903 3.72660405363011 -0.567323018604099 -0.0334803744304676 0.682295995748198 0.608794460019318 0.126605101026618 0.633912156822949 
337 0.25 0.35 1.07094167002642 5.46152541211639 6.6192324060247 -0.827201311048547 1.136531716722 -0.267434341735868 -0.701370112607915 -0.462359160971641 1.15835722066259 
338 0.62 0.04 1.17774708904027 -2.76292783815731 2.53873606278901 0.922760219567691 0.272294747005087 0.899261224536845 0.815985706903788 -0.919439012569802 -0.472335506088709 
339 0.92 0.04 1.16020882376293 -1.1199644578571 4.36062908605424 0.525280170226675 0.877090552518143 0.644364413339563 0.340473020449716 -1.15667862977318 0.0811496241535499 
340 0.37 0.06 1.10989963005328 7.56746169081646 0.389604413103683 -0.929954862896558 -1.76465150819307 -0.182199832457681 0.367511502868036 1.96892359541563 -0.0168208803541511 
341 0.73 0.45 1.06444798429814 7.58613051489056 2.21290154980236 -1.01981242461242 -0.984072467191045 -0.349796855791299 -0.0641267909287384 1.41113321145046 0.367919361580114 
342 0.77 0.7 0.772796091791894 -2.34773661886669 1.77869319996875 0.883576553687394 -0.0992336158288024 -0.0941040401984669 0.0106652689894708 -0.32877461070813 -0.8313867418412 
343 0.7 0.04 2.16632894553288 -0.982186770045921 6.84313812283311 0.373039307202777 1.92906905050748 2.98276353576538 2.1573756585516 -2.57343491477058 1.21676088199965 
344 0.21 0.87 0.742879820302171 0.603149565590248 0.500831226309381 0.386000520215385 -0.966106455431681 -0.408006726848306 -0.0218816754403578 0.718087982943547 -0.855978045874293 
345 0.75 0.88 -0.426003198364363 0.67834500887334 7.52352281333259 0.0473060382464696 2.03883980941419 -3.45211348639261 -3.92908620666148 -0.796248020459126 0.0668118490823971 
346 0.04 0.31 0.366971305295722 -7.27362110888256 1.86063248524773 1.81538259697739 0.466804927082716 -0.60679932176695 -0.595592150221427 -1.12135733373173 -1.50650388347809 
347 0.58 0.13 -0.0539201284602251 -6.98158831657691 1.15250132061129 1.79717222482615 0.130825414568858 -1.62850004188017 -1.43811890716426 -0.562969412853755 -1.87452264063019 
348 0.59 0.57 0.852708543547932 3.73491982264046 4.83142110028614 -0.413604584063821 0.555100622326526 -0.574580264335543 -0.758938346351117 -0.103295407577932 0.471901025895205 
349 0.94 0.57 0.684234020256804 6.16072000310013 -0.90700365825459 -0.598584695793035 -2.16999111595066 -1.03550660831984 -0.26793114905592 2.36760706045247 -0.67977108196634 
350 0.11 0.88 0.986178382598094 8.63725147322222 0.378636003151787 -1.13093520358959 -1.8849099768906 -0.58231457866655 0.0194853315073582 2.27386559837839 0.0120783523249134 
351 0.92 0.37 0.473150659708613 2.88917221052452 1.5453067298165 -0.0942043082509764 -0.76469123857679 -1.30879851663891 -0.969627920017917 1.02718387334388 -0.557938783621779 
352 0.6 0.19 0.737173454151015 -3.16038960393235 4.61768456326968 0.902708637803771 1.20701868147306 -0.190075278025508 -0.526508189677459 -1.39478640705401 -0.292002736985344 
353 0 0.09 0.303608675171211 -2.50013122343637 -1.33263570667555 1.06414518338558 -1.41890106832493 -1.11603337808342 -0.47961160158033 0.946439250457062 -1.80705317321778 
354 0.69 0.24 0.653552968664003 -2.76725239976463 0.242101929414372 1.03700924460511 -0.713705419602286 -0.294594953856784 0.0452606537262195 0.157720341339774 -1.28242955103037 
355 0.64 0.48 0.128786303055219 -1.87951016384701 6.55557830243768 0.573024887354075 1.89994582363776 -1.83988462101406 -2.33337389111227 -1.36835924109766 -0.0792864711535421 
356 0.83 0.44 1.26300832498555 15.6206449253024 7.79462985636769 -2.80766478938625 0.545427831694078 -0.807718211661032 -1.14916667231952 1.14777234485083 2.488958899263 
357 0.8 0.02 1.56626430415892 8.49792943681538 6.56078484185941 -1.40318622508942 0.784506530888771 0.640472783203314 0.227452453943325 -0.127475842441407 1.71073164350843 
358 0.87 0.46 1.20252009257326 13.0798507664893 4.82786843333961 -2.18516935542795 -0.454046528595472 -0.620353098092464 -0.584832077289534 1.61884396813079 1.55025061734021 
359 0.05 0.81 1.15295233997863 3.13352015805048 1.89414493914256 -0.162534129213822 -0.64048222719974 0.297675568850332 0.486826792897271 0.531752872986801 -0.0740548890759015 
360 0.16 0.75 1.39089978304713 5.34503935071598 3.06644078700703 -0.638814285747394 -0.375544624803757 0.625161521456333 0.667570455734442 0.460387363841382 0.531354445402725 
361 0.89 0.77 0.590842212079294 0.65811651199833 2.97128085324349 0.259363365786811 0.088216623214436 -0.856197015916043 -0.812964252970738 0.0261391179416026 -0.382793322946107 
362 0.64 0.05 1.48760727217617 3.12025197436398 4.76970663563179 -0.299447817429347 0.595688651449266 1.01799032816136 0.726583373023451 -0.61580599134591 0.757415246827705 
363 0.77 0.56 1.4315946810587 7.74197579597709 6.35610450111391 -1.24927169763374 0.778029156925525 0.393791398094511 0.00998026421251597 -0.132596130511247 1.51769544680343 
364 0.49 0.55 1.35245993255188 8.34006700958185 1.96130160012026 -1.15288935189883 -1.17304838236532 0.281167893467205 0.581812485643787 1.4659125234824 0.544836172124127 
365 0.42 0.38 0.742786178089771 2.36668642371439 3.214249352411 -0.0768325080842388 0.0083903762746653 -0.659738578316438 -0.626213305375886 0.206010181198813 -0.0815188680256287 
366 0.21 0.19 0.751420691539833 8.75236123122255 5.34085781922174 -1.38676297528373 0.232415039724802 -1.31256865038766 -1.41030558452145 0.839959241431074 1.00273196482943 
367 0.02 0.17 0.830415873472343 -3.56138387526498 0.270588155071407 1.18454788642257 -0.615598250066647 0.206966455775183 0.491967160731123 -0.129422643895716 -1.25146638250439 
368 0.52 0.34 1.93804924657597 7.11976947304726 8.44467843859844 -1.23488851771942 1.74228270738956 1.61091738840561 0.819379905303432 -1.26138125263927 2.2120324188869 
369 0.35 0.37 1.16717738960761 -0.409882249373995 2.8835723020571 0.461040404881652 0.166476663495834 0.639025975137531 0.574878296373542 -0.534928612753322 -0.178866584187983 
370 0.79 0.54 1.13305394205914 8.18707923807598 3.87392241565703 -1.21309580882822 -0.335822508565594 -0.292613959206589 -0.247420685751021 0.954344574348965 0.83547026604878 
371 0.71 0.23 0.644992994795183 2.71805798051497 2.40207236205854 -0.103937998492971 -0.37825776878751 -0.90419197644755 -0.724257370524878 0.604526720876439 -0.285383745924197 
372 0.81 0.96 0.969516034137147 6.20328453314329 6.68754841382084 -0.970038280016592 1.08571822545043 -0.584943967053204 -0.991652760830575 -0.2655472712812 1.18660322897628 
373 0.75 0.86 0.0192524282591046 -1.03635860887343 5.24790488821755 0.476483851243265 1.24754319347503 -2.14425384504964 -2.40130916163157 -0.699548068759963 -0.354361738693838 
374 0.63 0.47 1.24735644558195 9.52959533103335 8.89777336737961 -1.70700989593598 1.67598050599945 -0.299321154447012 -0.980943947300658 -0.466666910877952 2.15229123525579 
375 0.1 0 1.49094700083039 0.466481540701784 3.14568301986394 0.280075308069031 0.184847697383646 1.32880402537727 1.20115122155383 -0.643883525072084 0.144847286399574 
376 0.04 0.94 0.857722933126555 0.476750095323445 0.821708449424726 0.393742617133958 -0.814595408151192 -0.128709630238474 0.188141721230713 0.51465610713477 -0.731366447525356 
377 0.26 0.66 1.29736957122521 4.42951964303557 6.40753371611341 -0.62361576876088 1.15725997585206 0.383787283255679 -0.0838543801190782 -0.752768126594418 1.1409419564831 
378 0.23 0.35 1.32694155020044 3.185359929846 3.8376223141176 -0.266157291427557 0.188373362798671 0.652770314097994 0.526987799368472 -0.197924605880422 0.464266109320486 
379 0.07 0.74 0.475686768235166 -5.28850488587908 0.341285256207328 1.51097969910468 -0.399377463092315 -0.48674014612477 -0.207920376172329 -0.285521205273607 -1.59835063033539 
380 0.66 0.36 1.15666515537923 0.897183894823554 0.199516566447978 0.341326584364941 -1.12665885101681 0.571805574960579 0.947387859717941 0.613144065156912 -0.662824424675705 
381 0.14 0.31 1.25025285731748 8.90445985584885 2.64213433139068 -1.29126907800906 -0.94180799447656 -0.0401927346162225 0.191360759373127 1.42790714283039 0.69314921728611 
382 0.71 0.45 0.884916807243508 11.2286400004815 -0.459921795008998 -1.5807726458543 -2.52451952599825 -1.04767220047572 -0.229440726407861 3.14910703389117 0.0118269539538015 
383 0.38 0.6 1.9181388885756 2.25776134714731 -0.0150778536869942 0.0878343293865806 -1.3646120899827 2.28640299005181 2.61592992968521 0.480378474466785 -0.153840120611284 
384 0.77 0.75 -0.17717875963199 -2.21409758738993 4.44121337713829 0.73936062833834 1.02807637927457 -2.48127029228035 -2.62221904646613 -0.558029396212361 -0.756880379601249 
385 0.44 0.38 1.00357454348188 2.99054607986044 6.81774431551369 -0.368362349392731 1.48820803458308 -0.200771234546833 -0.726169146646437 -0.997743758559298 0.931637711765663 
386 0.03 0.65 0.885081068089764 -0.250115740184209 3.45068085829505 0.4061128726747 0.39232930088516 -0.0744012434483119 -0.174701022798734 -0.505615848521874 -0.195493368348835 
387 0.95 0.56 1.19380112415099 8.46381672465313 4.99467666947462 -1.31925792858674 0.115482069757418 -0.206883040839128 -0.32995362897329 0.610136855247263 1.1469271135332 
388 0.77 0.3 1.32045163196187 0.35705802503331 2.71097893424148 0.322833865408991 0.00984725462818875 0.941172848868311 0.901461825957442 -0.417165550908438 -0.0588598675011254 
389 0.92 0.11 1.23459377653874 -5.32308652384753 2.22026365848387 1.42205730444547 0.411827421576728 1.29008580773836 1.17053205420009 -1.38506709151955 -0.75340165628758 
390 0.45 0.12 1.10535752954202 7.02336201974354 1.47345448644564 -0.878458152412023 -1.24072293599837 -0.174708542703896 0.19831821845137 1.50753077728257 0.172122177889351 
391 0.78 0.48 1.52916009421433 14.2908690923281 2.3813109254425 -2.30071771207864 -1.63446440510429 0.127872733165274 0.51275593139584 2.45512444896595 1.30022021712497 
392 0.52 0.74 1.67718551556135 4.61466366953077 2.3559646860376 -0.469093027718559 -0.601380237935854 1.40745925689116 1.49003058497951 0.356149080946878 0.464343307272627 
393 0.27 0.73 0.926904752398813 3.06971242328 4.01819708843305 -0.249620644029886 0.277872261467127 -0.307137037200978 -0.401296899282532 -0.0255223277947925 0.268637355275668 
394 0.2 0.43 0.994924766005345 4.46507654150403 2.84650034819245 -0.458589725233728 -0.375513902908851 -0.239817026836769 -0.129116338161528 0.600951485018734 0.176107119680461 
395 0.57 0.96 0.819865406020028 -2.1180607979448 0.87776787861388 0.882556446953316 -0.510672831758032 0.0253455318048973 0.263765497710314 -0.0191489964750592 -0.985086847586917 
396 0.02 0.88 1.37509143878697 1.29834470396438 4.77263703757874 0.0461917178004708 0.793340626137256 0.919903110641469 0.592152816448989 -0.924039030204114 0.522734798413146 
397 0.78 0.21 0.561704482746851 -0.669054196407151 -2.0811176733597 0.751042124675978 -1.93739191284435 -0.644554159233959 0.117016861650242 1.40531253835346 -1.65662472660961 
398 0.52 0.62 0.462978392636723 -8.42146603534063 -1.34344739375402 2.18422526118227 -0.784606404374064 -0.167144670551443 0.272932963470624 -0.383385949303216 -2.27879515393406 
399 0.04 0.17 1.373249319578 5.17170648542092 3.66982903703277 -0.63455024560615 -0.0978647850881079 0.580499349928712 0.530678715341178 0.240117328079749 0.640261505532313 
400 0.92 0.53 1.22786878289688 1.71465830084149 2.92154232458607 0.0565891708204322 -0.0463274294558732 0.581968244874958 0.564947717720699 -0.143961907909361 0.0643789432209177 
401 0.74 0.96 0.644177723650922 4.91447739154817 3.44406706679513 -0.569235974223819 -0.167914014158153 -1.14743454855127 -1.05832299963443 0.724400428016455 0.155007103207097 
402 0.11 0.93 0.928463175523639 2.93430040467278 0.724309182965344 -0.0673891250833033 -1.12141651976214 -0.189066824048725 0.203268627872541 1.01234283852144 -0.481358921334133 
403 0.75 0.93 0.801692691886302 12.3976396613235 6.28677794701419 -2.12216109706931 0.245291052874074 -1.56756436935585 -1.70731616263557 1.25978789828213 1.58713561070053 
404 0.48 0.41 0.976319214738402 4.46244860895469 5.18813260968117 -0.569277728938969 0.629889948046785 -0.356559632447898 -0.591895842799112 -0.146289069803656 0.690095696364483 
405 0 0.92 0.853734550867029 -7.65332689013342 0.826032856344516 1.93251680612499 0.0642568645492207 0.635867745544571 0.714760457924949 -1.1754222598601 -1.50019263404187 
406 0.98 0.36 0.766150073586655 -1.56318644465308 3.74549420372024 0.641608293583847 0.660375091482031 -0.245419195591355 -0.409660714433851 -0.798465071146273 -0.320341496873429 
407 0.34 0.82 0.743754665737456 1.56767304889243 3.98499248252724 0.0377595197053267 0.425422696159314 -0.605030456425844 -0.709858366034333 -0.210493550613805 0.0162993944599616 
408 0.39 0.49 1.67696751150548 4.30293988146698 1.99768578395531 -0.393050064368554 -0.721545316760265 1.44765347631236 1.57450953410813 0.407504593919645 0.354508557943307 
409 0.53 0.32 1.30300047533692 -0.0279430086181001 5.20694453679748 0.277178226035568 1.12274696088669 0.858882857559751 0.438774449738933 -1.29467809098217 0.454261921324679 
410 0.91 0.98 0.525504443973231 -11.2498173277362 2.27501459613866 2.54705652516375 1.07378816889344 0.141718297768367 -0.0497058167478506 -2.18375932861997 -1.69980192269682 
411 0.73 0.82 0.360354285734126 3.1634842807891 6.25574553898853 -0.369181406219229 1.22753153600605 -1.75214851689211 -2.08922098978942 -0.36977170039163 0.459975600708762 
412 0.7 0.24 1.41352145315984 8.05720192502341 1.78447157176812 -1.09143126311765 -1.21836505399489 0.460905836256888 0.770165457186559 1.42543721542908 0.512877870675493 
413 0.26 0.27 1.44505037925177 2.6589182181221 4.55750333709815 -0.201688433673073 0.554313353228035 0.965764974816848 0.699055216699764 -0.615908511704285 0.642356609402013 
414 0.57 0.79 1.47932277366942 1.34353264892084 1.18948246717349 0.207161543143421 -0.749471918439368 1.27744698744637 1.46868102454835 0.179663625864448 -0.217236960242509 
415 0.93 0.5 1.75373038279813 8.00978591756074 2.48474653406176 -1.11849931559658 -0.912243259470548 1.26484858881044 1.41574951956245 0.971900728558133 0.856815445555265 
416 0 0.84 1.8010305288174 9.48062281811083 3.08672444164323 -1.42591882689238 -0.812448141806449 1.22037149458364 1.31731912798979 1.05271303096082 1.157189983659 
417 0.98 0.08 0.821946393670845 2.82135228817129 -0.0679483024344014 -0.0074798732722072 -1.44943816890923 -0.410961824773778 0.112576924191312 1.31337860017058 -0.729506452452692 
418 0.82 0.81 0.490479003059463 1.26443569078761 7.82186359508579 -0.0852233160767212 2.10479718786146 -1.30547970401693 -1.95157534162844 -1.35507474548569 0.704867074935025 
419 0.69 0.94 0.483596138509199 6.948665705496 1.16699794649983 -0.844725708536586 -1.36496942981299 -1.65858374989912 -1.14586841911904 1.98753280507498 -0.253578463660576 
420 0.2 0.76 1.32424271863926 8.03981104100342 2.30446008497412 -1.11214166322134 -0.993393418906437 0.231106745802485 0.476209682203349 1.31027363140911 0.577500858150478 
421 0.5 0.16 1.21640367442503 -0.0049951280211169 4.8582237680583 0.290114243228485 0.970477979087953 0.658459630088751 0.30437400726257 -1.12174873230201 0.329543793382668 
422 0.81 0.28 1.30099696874354 -3.08383833196678 2.13561763713338 1.00167677673304 0.13402384337748 1.23966167590182 1.18797457520131 -0.934158766375287 -0.523587274691763 
423 0.32 0.7 1.03931703098363 -2.07728057004864 2.58258565957926 0.792006888507726 0.21698681766094 0.498550664572462 0.450231438766642 -0.702789850738311 -0.47569846843699 
424 0.1 0.92 0.768031141360222 4.90032512232769 4.89671026273831 -0.636625183853926 0.457309070092824 -0.891929579634192 -1.0388033841549 0.171949792745756 0.548891959474411 
425 0.39 0.64 1.11039357875536 -0.973501775899238 0.581907825218305 0.677622401613035 -0.760781187734757 0.626540904490385 0.897571351557961 0.129621672484768 -0.779793261488723 
426 0.49 0.52 1.17277012650915 4.31564819024514 1.58366409662218 -0.371697808229005 -0.901249156165845 0.242468881072622 0.509402062789455 0.865606432909886 -0.0208686883002881 
427 0.62 0.17 0.136875823887635 -0.411512468692063 3.66168661259509 0.432674876418322 0.499401260163863 -1.8710827714396 -1.89175121019744 -0.130690435843156 -0.584600097169518 
428 0.59 0.93 1.18591929629873 7.26649500528583 3.39942495519763 -1.01670428392251 -0.440131078511905 -0.0627518122694539 0.0180059762550183 0.882861336641146 0.671991370662491 
429 0.28 0.87 1.08332823701122 -0.915579598026204 0.424396500054617 0.674365961435375 -0.834673875716189 0.560560018381455 0.860938990130043 0.209944615773437 -0.824854397172715 
430 0.9 0.57 1.04517815694541 5.73186265278888 4.20247414080269 -0.763257829008274 0.0699479096126585 -0.280946988916103 -0.342953107937374 0.393184415828164 0.627834066524421 
431 0.88 0.16 1.54092246863702 11.6520425608907 6.98381569980714 -2.02013917216203 0.625823303769124 0.265885888609149 -0.113925669600556 0.40775693425044 2.08903509127593 
432 0.21 0.64 0.901613509661823 2.36554626287622 1.21715323940933 0.0170547305236378 -0.848544312359334 -0.214863705145807 0.09156162825526 0.751489991401714 -0.439731721295942 
433 0.12 0.42 0.159093753088271 -2.64712409947642 0.877590152039025 0.98804902433857 -0.454483941866508 -1.51882294306575 -1.19360186876628 0.291981523356515 -1.40701138203992 
434 0.65 0.48 0.0954815473013577 -3.50124979463606 4.32702025210959 0.986233544017495 1.11823809640426 -1.69718238050277 -1.90098442600358 -0.962565282754403 -0.750511402186515 
435 0.66 0.82 1.07733789123959 3.95602101989565 4.80165916577116 -0.455856352661424 0.518748729475214 -0.0526503774073957 -0.260866690321024 -0.190823523553533 0.612545731823051 
436 0.68 0.82 0.928097350027949 1.58835968744675 3.96281835780565 0.033408998133434 0.413897704056742 -0.161465180063644 -0.290912371720897 -0.31649408175197 0.117046841684889 
437 0.97 0.77 0.856740507860266 2.86976891090742 1.54980092629321 -0.0938435776378395 -0.760201447848753 -0.381415912952007 -0.102845284267447 0.777218916119047 -0.342847722697562 
438 0 0.38 0.667270880000485 -1.6744888985448 5.75492281932107 0.567934795567655 1.53480588743143 -0.535298462987346 -0.986845249011303 -1.40953688364119 0.0637629731597456 
439 0.8 0.68 0.406158931806059 3.0617244137786 1.37220995916915 -0.118095606204449 -0.857687907540565 -1.48156701900756 -1.10119254987324 1.16184716999974 -0.618144054751257 
440 0.14 0.64 1.33566517553614 8.61518607697015 6.48554969596996 -1.41994199857115 0.739282211419713 0.0751430593706739 -0.287551235838027 0.0682551235152369 1.5751430003912 
441 0.96 0.32 0.428242626011119 0.67979796015199 1.75674701687837 0.314319147755171 -0.435657696123359 -1.21325164892254 -0.963288803460649 0.527716528809087 -0.744421698232498 
442 0.74 0.38 0.830139228032821 3.54407940059363 4.90755870518287 -0.380918026442797 0.608341271248855 -0.613212038319493 -0.811004882731677 -0.153274104260199 0.458240960917186 
443 0.74 0.29 0.962689400454012 1.54859495101233 2.89315913772452 0.0915149126308538 -0.0409206937978603 -0.0412681534051489 -0.017882359939639 -0.000305497184839035 -0.106923667981702 
444 0.14 0.34 1.54334237421274 5.53597119172007 3.26669636872249 -0.685708648531286 -0.309995347454508 0.968683111601363 0.963255849421739 0.338077900903456 0.680060246074758 
445 0.33 0.82 1.23122359018613 0.931620847760416 3.57566275796474 0.173682797364149 0.318924294754741 0.644503980981219 0.506602119481421 -0.520884271738114 0.138916051550823 
446 0.73 0.06 0.736961393189114 -11.1882933879894 2.2150719655691 2.53655261766191 1.04167897313861 0.647988627998572 0.43457075718466 -2.28631079543259 -1.58840005381215 
447 0.53 0.17 0.623798360055631 -1.60950234190405 5.15572965489099 0.584473960016923 1.27053971585826 -0.627947205964688 -0.981601084325088 -1.17420858749992 -0.0888379270534988 
448 0.48 0.76 2.12147148897588 5.52854978992476 8.37985818877711 -0.932085142612395 1.88632900643301 2.20709770845011 1.35026307725918 -1.68828922554822 2.15052766578889 
449 0.6 0.99 1.16954012901445 7.12698866182892 4.09635335090086 -1.02330103626939 -0.125946591545186 -0.110447779103603 -0.135061274566494 0.638516133572327 0.805767873485343 
450 0.33 0.97 0.849403354686795 3.66388448952933 1.26133637701145 -0.230387572885902 -0.969695653903282 -0.465874729501375 -0.119955016313607 1.04053271975552 -0.336644934176242 
451 0.63 0.21 0.344204391563157 -1.98777007934041 2.09232720749476 0.803988098288925 -0.0039590398004189 -1.1723153054613 -1.03740737812843 -0.0823395928357851 -0.968370711484779 
452 0.43 0.41 1.13976794344046 4.82634047977929 2.40879729107227 -0.507332463818669 -0.602190850227971 0.0887842893284696 0.252848130786262 0.725579091317536 0.193663377990989 
453 0.31 0.43 1.57921723998514 4.65762525825434 6.61776984826248 -0.67906658760809 1.22324116295054 1.03573932020332 0.499836407409452 -0.953051382888618 1.36823351075744 
454 0.17 0.46 1.72259745662796 7.38616554845772 3.74440944889046 -1.06009452643851 -0.304301644296709 1.21033219861994 1.16014509266926 0.453960037275547 1.06267943201841 
455 0.66 0.18 0.341366545883954 -0.361188958087175 1.49881303237319 0.524333766428071 -0.434189004062728 -1.3158113337962 -1.0444439350503 0.450094455220503 -0.94939839052348 
456 0.66 0.68 1.12388507855738 -0.576235529062016 1.82242727239075 0.543332641606892 -0.271126716659384 0.583068269119237 0.678833529459165 -0.198193148812999 -0.456720020823837 
457 0.57 0.97 1.16072715575044 -0.250733617699404 3.57008522712232 0.398326072328336 0.443986164309171 0.587166144855194 0.42640256613078 -0.720101569932555 -0.0136395101215198 
458 0.06 0.16 0.955058542273192 5.54513232911806 3.69577232904982 -0.703091832591723 -0.127520321758534 -0.465037046977781 -0.443076702683853 0.575918291706398 0.445937405245616 
459 0.58 0.61 0.843838168282514 1.40609494005421 2.90888546431315 0.118701127536219 -0.0189434256633498 -0.314990075807076 -0.279724553538545 0.0407045302557077 -0.18375220889966 
460 0.81 0.53 1.53980515923238 9.10648437884359 6.82725654863715 -1.53083598254126 0.833211429955228 0.510457081611406 0.0796441665830192 -0.0703422404847693 1.81300173760292 
461 0.04 0.61 -0.00662513607931126 -10.037762838053 2.99812085388743 2.28754326087376 1.25278631830031 -1.28011143961469 -1.46143720699166 -1.82673026030617 -1.72286705047834 
462 0.09 0.08 1.08628959516995 6.56446619953456 5.93013192711286 -1.00333755165986 0.721779299985513 -0.314228616952055 -0.615604164947062 -0.0194787755440777 1.11671093554828 
463 0.47 0.05 0.185188931630362 3.42168941033926 1.47324452074229 -0.189252538427359 -0.853418145782399 -2.05220322281117 -1.64214924761103 1.34482836817458 -0.685900598696226 
464 0.3 0.87 1.00872259669823 -0.152235437415707 1.52246015548121 0.478265912177395 -0.445765039505331 0.274012234983954 0.444695047247742 0.0605755308319812 -0.548729786083022 
465 0.45 0.14 0.649587822216413 3.29295774398711 1.11895262835345 -0.15179078787259 -0.991044999495968 -0.908354405260114 -0.521156260451487 1.13684467512164 -0.516041371116875 
466 0.03 0.64 0.601427629781748 4.56094882305582 1.13960638210335 -0.392402640542563 -1.11901778377425 -1.14597733860267 -0.71729445931074 1.42461557206403 -0.418812396871759 
467 0.95 0.39 1.23297556471106 7.62300191988879 2.47250173053177 -1.04049612412488 -0.87641129954924 0.0453868927247206 0.267382123995338 1.22730048049376 0.524432312768041 
468 0.16 0.33 0.813039783719749 -0.12354425698029 4.55945187273967 0.330018131446294 0.854526796577261 -0.294442102589771 -0.545065533085897 -0.792549344184113 0.0243570647759975 
469 0.84 0.54 1.22528657344366 5.21644847420472 7.03754396687657 -0.80194638810125 1.34271637601147 0.115491268231316 -0.411819543990143 -0.74721698116937 1.31583241906999 
470 0.05 0.8 1.24753991048578 -3.82112048638133 2.96347897137917 1.1023075303793 0.568848724281288 1.1553928918487 0.967072804614782 -1.32163715415158 -0.437777249891399 
471 0.41 0.52 1.76229141602407 7.15027515329362 0.886758351518947 -0.879892835910333 -1.50545105123159 1.41656949530556 1.77904808293756 1.30530362641582 0.422414212394423 
472 0.98 0.95 1.27746071482089 -2.38324533733543 2.5064879147571 0.851617710410838 0.217617024275634 1.10471921449919 1.02192820648538 -0.893561266074827 -0.38758926892266 
473 0.84 0.4 0.296442915203453 -2.8399326013797 3.21508101179256 0.912297607070487 0.569847329405732 -1.24097718071743 -1.29087663587534 -0.592873257569458 -0.824121397106593 
474 0.72 0.9 0.510184802310428 10.0727327209956 6.60551882229477 -1.69487820608026 0.632545288754563 -2.05940822506104 -2.26957110024366 0.858693493112837 1.27498251715268 
475 0.03 0.69 0.547622019763098 6.51648607590894 1.53794689191923 -0.78107252939509 -1.15904223619086 -1.47433609486928 -1.03943838460007 1.73665948473877 -0.175219293376076 
476 0.62 0.09 1.13220608498234 3.23419233029095 3.01997354210227 -0.234951732685952 -0.168106461773418 0.203360626575007 0.230950941701204 0.201214345095093 0.176045714172109 
477 0.96 0.27 0.875950664956817 4.22886453034389 1.63149217066019 -0.355146954080297 -0.871719383868803 -0.467018107798334 -0.16381536156367 1.02123175736232 -0.185418934543081 
478 0.89 0.86 1.06003844820406 1.00770967491679 7.60462738102586 -0.030899344608487 2.0399364252384 0.100111821477913 -0.609277199811489 -1.70110369160308 0.952546738756441 
479 0.33 0.05 1.08411422053415 6.26898512947892 2.5349757661541 -0.785961376159904 -0.703716483992835 -0.186805391978204 0.00929388769960886 1.02027345255723 0.326809018830432 
480 0.85 0.47 0.96161364813999 1.2124967473146 6.19362566921919 -0.00178081591062865 1.41205490142448 -0.113467954878401 -0.591431240303162 -1.1386929764314 0.60030374490398 
481 0.9 0.4 1.69336952675161 9.27450678704568 9.20144588188384 -1.67676517013452 1.83439199587112 0.791936526026663 -0.0114134444067877 -0.902359512231818 2.44730789552909 
482 0.13 0.14 1.16810640057765 -4.71950700088457 -0.0620948755364816 1.41685988713404 -0.633062326921769 1.14242198701224 1.39083076952671 -0.477785578345699 -1.24527047568336 
483 0.42 0.17 0.88271959543341 0.50780611680891 1.56285682049235 0.352423297561754 -0.49977786888193 -0.0941644673924429 0.109316508194262 0.265096617117113 -0.548288911466431 
484 0.31 0.6 1.93368452445122 -0.992071246419105 1.076980484572 0.650948461007251 -0.545265075277482 2.59981985450209 2.66914580808515 -0.559322663640261 -0.207195536120308 
485 0.84 0.63 1.06775933408537 0.597836681520802 2.25643900149369 0.300909490659047 -0.211544620374956 0.322441649667274 0.396596706777672 -0.0587863700333258 -0.280216845121479 
486 0.4 0.4 0.46545508436364 -2.83159471148478 3.04433444539277 0.91747247671271 0.495861167002745 -0.828656870063968 -0.879031281606023 -0.643543227345626 -0.766460939165552 
487 0.08 0.55 0.683049090003227 -2.53613926054624 -0.0465422868846921 1.00674737014215 -0.862500117018753 -0.23654056477098 0.148514135564777 0.280501619689908 -1.30868657470628 
488 0.71 0.7 1.14515810926272 3.16284863725202 5.87582563944615 -0.357336594823249 1.06547660258919 0.153485153311302 -0.24846086658502 -0.747010135991221 0.816535718419028 
489 0.55 0.68 0.864205825250642 1.90361200413832 1.93738218764067 0.070552573965284 -0.48960304799343 -0.283313641482609 -0.0919125105124227 0.445927364390922 -0.343010649756519 
490 0.99 0.78 0.740491696907905 4.68729946442308 3.5195316778091 -0.530599349124591 -0.110897556449514 -0.895697432316829 -0.839381659879893 0.591313077048787 0.204682929296129 
491 0.33 0.68 1.92230490980616 5.09335821487795 3.75597581800396 -0.628250604778497 -0.0517655434329855 1.91028144699466 1.76036505788206 -0.154016092773899 0.961221934195248 
492 0.87 0.95 0.839578509434393 -5.5298938778722 1.72157333556295 1.48810557666978 0.219592170413211 0.371891941513391 0.381707844681244 -1.01478614089265 -1.10701885907426 
493 0.27 0.58 1.41707627362437 2.67791157013229 3.35474176783136 -0.1478709854819 0.0359463462822025 0.933479993874592 0.850833880958439 -0.204504488347751 0.358890635683578 
494 0.06 0.7 0.589591202917003 4.77249489105899 4.82940959798884 -0.607786874230139 0.441992007878042 -1.30829098214342 -1.42126530710743 0.280884906465496 0.421302396865947 
495 0.03 0.23 0.272908397615611 -4.15467343357361 3.74502709223479 1.13615893179943 0.939120035192069 -1.18886607646399 -1.35254763018641 -1.0230380527394 -0.842742046712972 
496 0.24 0.06 1.31411800306879 3.75885307930535 3.3447131748194 -0.351174641691845 -0.085086346238323 0.582379072003862 0.548794705825403 0.0892200109122698 0.400740388908439 
497 0.13 0.23 1.01709078115438 -5.33335767647801 2.65465818055961 1.40510460808277 0.599133608614486 0.752815129778711 0.601907622327321 -1.38930118372824 -0.779461413622374 
498 0.2 0.6 0.803730069751403 10.3313884474985 1.46962560107068 -1.50201818758458 -1.59957484138783 -1.21754055510613 -0.700453508013976 2.38914293924899 0.313790075227931 
499 0.12 0.04 1.3939884641228 0.215152631299491 4.23776858604606 0.276508178073038 0.680617164317692 1.08513943417151 0.802445250672721 -0.988142309344386 0.311256300587676 
500 0.92 0.49 1.35480376366996 4.03151919706882 8.5547730350367 -0.650835015779747 2.12196286011582 0.494184135425195 -0.313873562729699 -1.56774449181687 1.61684605085924 
