Db 
0 # File organization (0:Points; 1:Grid)
4 # Number of variables
# Locators
z2 x1 x2 z1 
# Names
rank x.1 x.2 Facies.1 
# Array of values
1.000000 0.687415 0.178610 2.000000 
2.000000 0.754069 0.177235 3.000000 
3.000000 0.609679 0.016327 1.000000 
4.000000 0.714316 0.003193 1.000000 
5.000000 0.335236 0.199789 3.000000 
6.000000 0.977836 0.672751 2.000000 
7.000000 0.638881 0.082549 1.000000 
8.000000 0.667665 0.104861 2.000000 
9.000000 0.010396 0.091603 2.000000 
10.000000 0.618296 0.921110 2.000000 
11.000000 0.716537 0.236396 2.000000 
12.000000 0.821566 0.264474 3.000000 
13.000000 0.769764 0.825270 3.000000 
14.000000 0.653396 0.606591 1.000000 
15.000000 0.692063 0.666631 2.000000 
16.000000 0.996208 0.601817 2.000000 
17.000000 0.190776 0.031494 2.000000 
18.000000 0.306870 0.221346 3.000000 
19.000000 0.241313 0.337889 3.000000 
20.000000 0.478378 0.229684 2.000000 
21.000000 0.116865 0.270775 3.000000 
22.000000 0.431343 0.291038 1.000000 
23.000000 0.559010 0.696003 2.000000 
24.000000 0.080354 0.437119 2.000000 
25.000000 0.897461 0.233391 3.000000 
26.000000 0.506039 0.134061 1.000000 
27.000000 0.076414 0.023453 1.000000 
28.000000 0.462614 0.574436 2.000000 
29.000000 0.315736 0.152305 2.000000 
30.000000 0.992045 0.164711 2.000000 
31.000000 0.294617 0.934812 3.000000 
32.000000 0.155267 0.303052 2.000000 
33.000000 0.820501 0.152608 3.000000 
34.000000 0.023823 0.501400 2.000000 
35.000000 0.647038 0.939012 2.000000 
36.000000 0.596222 0.603274 2.000000 
37.000000 0.343802 0.099201 2.000000 
38.000000 0.416132 0.693906 2.000000 
39.000000 0.860170 0.317877 3.000000 
40.000000 0.377135 0.599138 2.000000 
41.000000 0.909536 0.501266 2.000000 
42.000000 0.632958 0.460571 2.000000 
43.000000 0.359943 0.794045 3.000000 
44.000000 0.374755 0.349293 3.000000 
45.000000 0.675757 0.954477 2.000000 
46.000000 0.220128 0.113466 2.000000 
47.000000 0.913956 0.965384 2.000000 
48.000000 0.365275 0.353917 3.000000 
49.000000 0.161242 0.930365 1.000000 
50.000000 0.688289 0.270306 2.000000 
51.000000 0.382125 0.123111 2.000000 
52.000000 0.926605 0.293497 3.000000 
53.000000 0.817187 0.804609 3.000000 
54.000000 0.483956 0.815365 2.000000 
55.000000 0.613274 0.393809 3.000000 
56.000000 0.349979 0.747744 3.000000 
57.000000 0.513157 0.881519 2.000000 
58.000000 0.559457 0.743027 2.000000 
59.000000 0.017861 0.875353 1.000000 
60.000000 0.912101 0.770584 2.000000 
61.000000 0.911307 0.687209 2.000000 
62.000000 0.156975 0.482386 2.000000 
63.000000 0.650500 0.302508 2.000000 
64.000000 0.763366 0.153402 3.000000 
65.000000 0.107187 0.254630 2.000000 
66.000000 0.736100 0.290521 2.000000 
67.000000 0.504683 0.991714 2.000000 
68.000000 0.129940 0.643718 2.000000 
69.000000 0.590341 0.985795 2.000000 
70.000000 0.508497 0.392223 2.000000 
71.000000 0.183366 0.253413 3.000000 
72.000000 0.608411 0.883125 3.000000 
73.000000 0.728112 0.451793 3.000000 
74.000000 0.438234 0.014608 2.000000 
75.000000 0.533886 0.057983 3.000000 
76.000000 0.088251 0.266313 2.000000 
77.000000 0.962847 0.098982 2.000000 
78.000000 0.393085 0.273938 3.000000 
79.000000 0.763503 0.167797 3.000000 
80.000000 0.618702 0.963755 2.000000 
81.000000 0.194305 0.402052 1.000000 
82.000000 0.215439 0.621136 2.000000 
83.000000 0.219245 0.020673 2.000000 
84.000000 0.170690 0.922423 1.000000 
85.000000 0.854417 0.713760 2.000000 
86.000000 0.944750 0.198770 3.000000 
87.000000 0.870836 0.437814 2.000000 
88.000000 0.970504 0.902871 2.000000 
89.000000 0.801468 0.154122 3.000000 
90.000000 0.182807 0.194771 2.000000 
91.000000 0.450997 0.354702 1.000000 
92.000000 0.243739 0.592638 2.000000 
93.000000 0.227020 0.837131 3.000000 
94.000000 0.898754 0.369218 3.000000 
95.000000 0.767865 0.625856 3.000000 
96.000000 0.714883 0.062670 2.000000 
97.000000 0.580298 0.931257 2.000000 
98.000000 0.781995 0.109489 3.000000 
99.000000 0.496343 0.116000 1.000000 
100.000000 0.179966 0.896448 1.000000 
101.000000 0.127016 0.336700 2.000000 
102.000000 0.353497 0.117205 2.000000 
103.000000 0.306516 0.184223 3.000000 
104.000000 0.343455 0.062824 2.000000 
105.000000 0.596552 0.637914 3.000000 
106.000000 0.980921 0.996653 2.000000 
107.000000 0.648531 0.095760 2.000000 
108.000000 0.054762 0.750017 1.000000 
109.000000 0.751763 0.935081 3.000000 
110.000000 0.183475 0.264895 3.000000 
111.000000 0.813985 0.468412 1.000000 
112.000000 0.183289 0.245344 3.000000 
113.000000 0.761146 0.920351 3.000000 
114.000000 0.636843 0.868487 3.000000 
115.000000 0.191177 0.073536 3.000000 
116.000000 0.721245 0.730711 3.000000 
117.000000 0.724649 0.088123 2.000000 
118.000000 0.252899 0.554415 3.000000 
119.000000 0.213564 0.424189 2.000000 
120.000000 0.539816 0.680723 2.000000 
121.000000 0.475903 0.969843 2.000000 
122.000000 0.833514 0.518962 2.000000 
123.000000 0.491007 0.555766 2.000000 
124.000000 0.355444 0.321602 3.000000 
125.000000 0.768162 0.657015 3.000000 
126.000000 0.986525 0.585157 2.000000 
127.000000 0.441511 0.358659 1.000000 
128.000000 0.659216 0.217665 2.000000 
129.000000 0.854848 0.759046 2.000000 
130.000000 0.699795 0.478463 2.000000 
131.000000 0.238625 0.055636 2.000000 
132.000000 0.841760 0.384780 3.000000 
133.000000 0.401883 0.197747 3.000000 
134.000000 0.763438 0.160983 3.000000 
135.000000 0.903186 0.834490 2.000000 
136.000000 0.621457 0.252975 2.000000 
137.000000 0.562426 0.054765 1.000000 
138.000000 0.750274 0.778774 3.000000 
139.000000 0.771239 0.980139 3.000000 
140.000000 0.914591 0.032011 3.000000 
141.000000 0.361134 0.919021 2.000000 
142.000000 0.497157 0.201495 2.000000 
143.000000 0.157001 0.485110 2.000000 
144.000000 0.936597 0.342638 2.000000 
145.000000 0.977008 0.585891 2.000000 
146.000000 0.518523 0.444881 2.000000 
147.000000 0.712522 0.814824 3.000000 
148.000000 0.556543 0.437049 2.000000 
149.000000 0.890163 0.467159 2.000000 
150.000000 0.051741 0.432783 2.000000 
151.000000 0.442195 0.430473 2.000000 
152.000000 0.199705 0.968990 2.000000 
153.000000 0.743902 0.109751 2.000000 
154.000000 0.523805 0.999566 2.000000 
155.000000 0.954378 0.209676 3.000000 
156.000000 0.015936 0.673303 1.000000 
157.000000 0.696862 0.170506 2.000000 
158.000000 0.903108 0.826384 2.000000 
159.000000 0.770334 0.885036 3.000000 
160.000000 0.928776 0.521503 2.000000 
161.000000 0.757784 0.567312 2.000000 
162.000000 0.567780 0.616893 3.000000 
163.000000 0.773796 0.248585 2.000000 
164.000000 0.101433 0.650438 2.000000 
165.000000 0.295998 0.079821 2.000000 
166.000000 0.381222 0.028349 2.000000 
167.000000 0.976621 0.545240 2.000000 
168.000000 0.250228 0.273925 3.000000 
169.000000 0.762164 0.027230 1.000000 
170.000000 0.859101 0.205607 3.000000 
171.000000 0.588747 0.818448 2.000000 
172.000000 0.936992 0.384165 2.000000 
173.000000 0.337361 0.422938 3.000000 
174.000000 0.408531 0.895724 2.000000 
175.000000 0.050992 0.354112 2.000000 
176.000000 0.181779 0.086838 2.000000 
177.000000 0.117939 0.383544 2.000000 
178.000000 0.272099 0.570404 3.000000 
179.000000 0.892432 0.705371 2.000000 
180.000000 0.063959 0.715741 2.000000 
181.000000 0.152843 0.048492 2.000000 
182.000000 0.091704 0.628870 2.000000 
183.000000 0.031319 0.288448 2.000000 
184.000000 0.287025 0.137622 2.000000 
185.000000 0.450274 0.278756 3.000000 
186.000000 0.269420 0.289132 3.000000 
187.000000 0.358897 0.684174 2.000000 
188.000000 0.838287 0.020123 1.000000 
189.000000 0.112914 0.855965 2.000000 
190.000000 0.876324 0.014071 3.000000 
191.000000 0.477428 0.129888 2.000000 
192.000000 0.638237 0.014840 2.000000 
193.000000 0.558251 0.616314 3.000000 
194.000000 0.712996 0.864610 3.000000 
195.000000 0.784006 0.320579 2.000000 
196.000000 0.660827 0.386798 2.000000 
197.000000 0.613777 0.446571 3.000000 
198.000000 0.889997 0.449682 2.000000 
199.000000 0.216644 0.747633 2.000000 
200.000000 0.501508 0.658305 2.000000 
201.000000 0.121985 0.808397 2.000000 
202.000000 0.881651 0.573323 1.000000 
203.000000 0.198867 0.881026 2.000000 
204.000000 0.507782 0.317117 1.000000 
205.000000 0.297246 0.210834 3.000000 
206.000000 0.137557 0.443459 2.000000 
207.000000 0.563240 0.140155 1.000000 
208.000000 0.716284 0.209821 2.000000 
209.000000 0.031161 0.271916 2.000000 
210.000000 0.551153 0.871014 2.000000 
211.000000 0.456515 0.934040 2.000000 
212.000000 0.074245 0.795679 1.000000 
213.000000 0.546271 0.358487 2.000000 
214.000000 0.641161 0.321932 2.000000 
215.000000 0.802812 0.295236 2.000000 
216.000000 0.999738 0.972522 2.000000 
217.000000 0.114780 0.051946 2.000000 
218.000000 0.454323 0.703956 2.000000 
219.000000 0.915354 0.112183 3.000000 
220.000000 0.779205 0.816562 3.000000 
221.000000 0.739042 0.599449 2.000000 
222.000000 0.942180 0.928912 1.000000 
223.000000 0.535709 0.249455 2.000000 
224.000000 0.192730 0.236599 3.000000 
225.000000 0.842934 0.508044 2.000000 
226.000000 0.344579 0.180812 3.000000 
227.000000 0.985246 0.450785 2.000000 
228.000000 0.332379 0.899843 1.000000 
229.000000 0.483520 0.769585 2.000000 
230.000000 0.806413 0.673322 3.000000 
231.000000 0.698794 0.373364 2.000000 
232.000000 0.203239 0.340104 2.000000 
233.000000 0.710904 0.644904 1.000000 
234.000000 0.714928 0.067405 2.000000 
235.000000 0.077521 0.139730 3.000000 
236.000000 0.671602 0.518169 2.000000 
237.000000 0.407759 0.814664 2.000000 
238.000000 0.539759 0.674717 2.000000 
239.000000 0.845278 0.754219 2.000000 
240.000000 0.193037 0.268929 3.000000 
241.000000 0.237504 0.937947 3.000000 
242.000000 0.484487 0.871114 2.000000 
243.000000 0.466952 0.029917 1.000000 
244.000000 0.141255 0.831752 2.000000 
245.000000 0.333917 0.061253 1.000000 
246.000000 0.431566 0.314469 1.000000 
247.000000 0.019219 0.017968 2.000000 
248.000000 0.886688 0.102240 3.000000 
249.000000 0.735209 0.196961 1.000000 
250.000000 0.680935 0.498158 2.000000 
251.000000 0.306573 0.190182 3.000000 
252.000000 0.969119 0.757521 2.000000 
253.000000 0.539682 0.666574 2.000000 
254.000000 0.990296 0.981114 2.000000 
255.000000 0.017007 0.785710 1.000000 
256.000000 0.499582 0.456097 2.000000 
257.000000 0.890209 0.471895 2.000000 
258.000000 0.548964 0.641255 2.000000 
259.000000 0.331801 0.839154 3.000000 
260.000000 0.111121 0.667654 1.000000 
261.000000 0.103695 0.888020 2.000000 
262.000000 0.242067 0.417085 3.000000 
263.000000 0.793918 0.361399 3.000000 
264.000000 0.946924 0.427028 2.000000 
265.000000 0.837893 0.978795 3.000000 
266.000000 0.773508 0.218387 3.000000 
267.000000 0.930668 0.720135 2.000000 
268.000000 0.614162 0.486996 2.000000 
269.000000 0.134588 0.131764 3.000000 
270.000000 0.835236 0.699781 2.000000 
271.000000 0.477009 0.085930 3.000000 
272.000000 0.022657 0.378987 2.000000 
273.000000 0.793644 0.332635 2.000000 
274.000000 0.926649 0.298180 3.000000 
275.000000 0.308898 0.434274 3.000000 
276.000000 0.598733 0.866964 3.000000 
277.000000 0.031216 0.277633 2.000000 
278.000000 0.151459 0.903195 2.000000 
279.000000 0.835430 0.720130 2.000000 
280.000000 0.613637 0.431872 3.000000 
281.000000 0.346509 0.383471 3.000000 
282.000000 0.264429 0.765034 2.000000 
283.000000 0.328598 0.502804 3.000000 
284.000000 0.794468 0.419091 2.000000 
285.000000 0.004562 0.479027 2.000000 
286.000000 0.297855 0.274789 3.000000 
287.000000 0.852831 0.547241 2.000000 
288.000000 0.460342 0.335877 1.000000 
289.000000 0.267135 0.049215 2.000000 
290.000000 0.167523 0.589959 2.000000 
291.000000 0.945686 0.296981 3.000000 
292.000000 0.182988 0.213750 3.000000 
293.000000 0.443750 0.593758 2.000000 
294.000000 0.344546 0.177315 3.000000 
295.000000 0.618116 0.902179 3.000000 
296.000000 0.728745 0.518268 1.000000 
297.000000 0.418106 0.901169 2.000000 
298.000000 0.622796 0.393580 3.000000 
299.000000 0.325886 0.218078 3.000000 
300.000000 0.898213 0.312334 3.000000 
301.000000 0.795119 0.487498 2.000000 
302.000000 0.187293 0.665719 2.000000 
303.000000 0.900485 0.550956 3.000000 
304.000000 0.850335 0.285158 3.000000 
305.000000 0.941609 0.868967 2.000000 
306.000000 0.241587 0.366596 1.000000 
307.000000 0.492589 0.721843 2.000000 
308.000000 0.793548 0.322508 2.000000 
309.000000 0.863297 0.646136 2.000000 
310.000000 0.844318 0.653404 2.000000 
311.000000 0.607468 0.784121 2.000000 
312.000000 0.332722 0.935858 1.000000 
313.000000 0.265065 0.831803 3.000000 
314.000000 0.339340 0.630690 2.000000 
315.000000 0.222422 0.354340 2.000000 
316.000000 0.205656 0.593903 2.000000 
317.000000 0.359771 0.775928 3.000000 
318.000000 0.472407 0.602687 2.000000 
319.000000 0.282152 0.625924 2.000000 
320.000000 0.722017 0.811812 3.000000 
321.000000 0.240291 0.230564 3.000000 
322.000000 0.209264 0.972698 1.000000 
323.000000 0.133245 0.990677 2.000000 
324.000000 0.021061 0.211435 3.000000 
325.000000 0.200640 0.067227 3.000000 
326.000000 0.058810 0.175090 3.000000 
327.000000 0.384467 0.368992 3.000000 
328.000000 0.744193 0.140290 3.000000 
329.000000 0.730401 0.692120 3.000000 
330.000000 0.672605 0.623525 2.000000 
331.000000 0.470156 0.366355 1.000000 
332.000000 0.467279 0.064288 2.000000 
333.000000 0.750260 0.777283 3.000000 
334.000000 0.614686 0.541995 2.000000 
335.000000 0.909437 0.490919 2.000000 
336.000000 0.546453 0.377534 2.000000 
337.000000 0.641080 0.313437 2.000000 
338.000000 0.910896 0.644118 2.000000 
339.000000 0.632351 0.396863 3.000000 
340.000000 0.670578 0.410660 2.000000 
341.000000 0.119351 0.531850 2.000000 
342.000000 0.844237 0.644837 2.000000 
343.000000 0.707835 0.322672 2.000000 
344.000000 0.880574 0.460286 2.000000 
345.000000 0.329998 0.649740 2.000000 
346.000000 0.222730 0.386637 2.000000 
347.000000 0.596919 0.676522 2.000000 
348.000000 0.034781 0.651981 1.000000 
349.000000 0.458028 0.092915 2.000000 
350.000000 0.756039 0.384141 2.000000 
351.000000 0.334820 0.156136 3.000000 
352.000000 0.394228 0.393984 3.000000 
353.000000 0.368285 0.669938 2.000000 
354.000000 0.343472 0.064510 2.000000 
355.000000 0.773501 0.217647 3.000000 
356.000000 0.852942 0.558944 2.000000 
357.000000 0.689068 0.352158 2.000000 
358.000000 0.976595 0.542505 2.000000 
359.000000 0.963029 0.118034 2.000000 
360.000000 0.393555 0.323324 3.000000 
361.000000 0.949070 0.652387 2.000000 
362.000000 0.500663 0.569580 2.000000 
363.000000 0.805934 0.623048 3.000000 
364.000000 0.420066 0.106921 3.000000 
365.000000 0.226663 0.799615 2.000000 
366.000000 0.959553 0.753094 2.000000 
367.000000 0.074819 0.855980 1.000000 
368.000000 0.877878 0.177239 3.000000 
369.000000 0.610141 0.064836 2.000000 
370.000000 0.807826 0.821691 3.000000 
371.000000 0.277546 0.142366 2.000000 
372.000000 0.948437 0.585902 3.000000 
373.000000 0.519688 0.567258 2.000000 
374.000000 0.562057 0.016036 3.000000 
375.000000 0.683735 0.792187 3.000000 
376.000000 0.179635 0.861698 1.000000 
377.000000 0.478321 0.223752 2.000000 
378.000000 0.493957 0.865482 2.000000 
379.000000 0.875628 0.940918 3.000000 
380.000000 0.796371 0.618962 3.000000 
381.000000 0.991034 0.058577 3.000000 
382.000000 0.150636 0.816765 2.000000 
383.000000 0.760273 0.828687 3.000000 
384.000000 0.012094 0.269897 2.000000 
385.000000 0.339149 0.610614 2.000000 
386.000000 0.114459 0.018199 2.000000 
387.000000 0.910917 0.646239 2.000000 
388.000000 0.855054 0.780702 2.000000 
389.000000 0.973683 0.236721 3.000000 
390.000000 0.855728 0.851429 2.000000 
391.000000 0.400064 0.006722 1.000000 
392.000000 0.705815 0.110563 1.000000 
393.000000 0.609149 0.960614 2.000000 
394.000000 0.864498 0.772251 2.000000 
395.000000 0.086340 0.065738 2.000000 
396.000000 0.902509 0.763406 2.000000 
397.000000 0.157591 0.547081 2.000000 
398.000000 0.443500 0.567482 2.000000 
399.000000 0.585562 0.483962 2.000000 
400.000000 0.816031 0.683283 3.000000 
401.000000 0.744670 0.190311 3.000000 
402.000000 0.982669 0.180286 2.000000 
403.000000 0.930000 0.650027 2.000000 
404.000000 0.252828 0.546928 3.000000 
405.000000 0.427487 0.886182 2.000000 
406.000000 0.049153 0.161013 3.000000 
407.000000 0.906414 0.173506 1.000000 
408.000000 0.218143 0.904980 2.000000 
409.000000 0.022890 0.403457 2.000000 
410.000000 0.363000 0.114996 2.000000 
411.000000 0.074605 0.833499 2.000000 
412.000000 0.517445 0.331697 2.000000 
413.000000 0.828218 0.962876 3.000000 
414.000000 0.101969 0.706744 2.000000 
415.000000 0.208108 0.851292 1.000000 
416.000000 0.385690 0.497412 2.000000 
417.000000 0.228212 0.962290 1.000000 
418.000000 0.040450 0.247248 2.000000 
419.000000 0.961012 0.906272 2.000000 
420.000000 0.158512 0.643785 2.000000 
421.000000 0.597444 0.731631 2.000000 
422.000000 0.821206 0.226632 3.000000 
423.000000 0.796386 0.620537 3.000000 
424.000000 0.156408 0.422814 2.000000 
425.000000 0.395516 0.529186 2.000000 
426.000000 0.564514 0.273919 2.000000 
427.000000 0.761471 0.954465 3.000000 
428.000000 0.218837 0.977860 1.000000 
429.000000 0.675282 0.904582 2.000000 
430.000000 0.981090 0.014440 3.000000 
431.000000 0.516151 0.195876 2.000000 
432.000000 0.566942 0.528962 3.000000 
433.000000 0.540983 0.803236 2.000000 
434.000000 0.339771 0.675955 2.000000 
435.000000 0.975262 0.402510 2.000000 
436.000000 0.263513 0.668892 1.000000 
437.000000 0.233637 0.531900 3.000000 
438.000000 0.849497 0.197185 3.000000 
439.000000 0.704386 0.960572 3.000000 
440.000000 0.860061 0.306448 3.000000 
441.000000 0.177073 0.592659 2.000000 
442.000000 0.229189 0.064795 2.000000 
443.000000 0.803521 0.369670 3.000000 
444.000000 0.815299 0.606360 1.000000 
445.000000 0.667819 0.120978 1.000000 
446.000000 0.702720 0.785628 3.000000 
447.000000 0.490904 0.544888 2.000000 
448.000000 0.213263 0.392605 2.000000 
449.000000 0.223523 0.469891 2.000000 
450.000000 0.338572 0.550087 3.000000 
451.000000 0.759148 0.710573 3.000000 
452.000000 0.610170 0.067887 2.000000 
453.000000 0.128099 0.450430 2.000000 
454.000000 0.295131 0.988755 3.000000 
455.000000 0.819316 0.028168 2.000000 
456.000000 0.957648 0.553039 3.000000 
457.000000 0.069053 0.250602 2.000000 
458.000000 0.313195 0.885481 3.000000 
459.000000 0.975538 0.431447 2.000000 
460.000000 0.301979 0.707805 2.000000 
461.000000 0.319569 0.554788 3.000000 
462.000000 0.252739 0.537584 3.000000 
463.000000 0.446270 0.858376 2.000000 
464.000000 0.129530 0.600647 2.000000 
465.000000 0.067922 0.131795 3.000000 
466.000000 0.838507 0.043207 1.000000 
467.000000 0.536741 0.357798 2.000000 
468.000000 0.568785 0.722459 2.000000 
469.000000 0.858243 0.115507 3.000000 
470.000000 0.128270 0.468332 2.000000 
471.000000 0.174879 0.362249 1.000000 
472.000000 0.036121 0.792691 1.000000 
473.000000 0.232513 0.413844 2.000000 
474.000000 0.453637 0.631863 2.000000 
475.000000 0.345649 0.293177 3.000000 
476.000000 0.783556 0.273330 2.000000 
477.000000 0.699616 0.459689 2.000000 
478.000000 0.267371 0.073931 2.000000 
479.000000 0.762788 0.092718 3.000000 
480.000000 0.735339 0.210580 2.000000 
481.000000 0.110866 0.640927 2.000000 
482.000000 0.297304 0.216919 3.000000 
483.000000 0.776450 0.527295 1.000000 
484.000000 0.365960 0.425810 2.000000 
485.000000 0.709999 0.549901 1.000000 
486.000000 0.739587 0.656632 3.000000 
487.000000 0.946347 0.366475 2.000000 
488.000000 0.479826 0.381765 2.000000 
489.000000 0.085348 0.961495 2.000000 
490.000000 0.956976 0.482442 2.000000 
491.000000 0.656454 0.927621 2.000000 
492.000000 0.400181 0.019049 2.000000 
493.000000 0.000140 0.014658 2.000000 
494.000000 0.539078 0.603165 3.000000 
495.000000 0.332352 0.896935 2.000000 
496.000000 0.178130 0.703627 2.000000 
497.000000 0.880867 0.491050 2.000000 
498.000000 0.560297 0.831169 2.000000 
499.000000 0.272723 0.635934 2.000000 
500.000000 0.773080 0.173390 3.000000 
501.000000 0.205942 0.623885 1.000000 
502.000000 0.507934 0.333119 2.000000 
503.000000 0.977443 0.631481 2.000000 
504.000000 0.305540 0.081660 2.000000 
505.000000 0.574321 0.303714 2.000000 
506.000000 0.889953 0.445036 2.000000 
507.000000 0.728792 0.523134 2.000000 
508.000000 0.929111 0.556662 3.000000 
509.000000 0.449476 0.194962 2.000000 
510.000000 0.470989 0.453846 2.000000 
511.000000 0.653787 0.647651 2.000000 
512.000000 0.003355 0.352288 2.000000 
513.000000 0.990235 0.974641 2.000000 
514.000000 0.337321 0.418696 3.000000 
515.000000 0.963124 0.128046 2.000000 
516.000000 0.444781 0.701991 2.000000 
517.000000 0.709026 0.447679 2.000000 
518.000000 0.006284 0.659773 2.000000 
519.000000 0.276139 0.994622 3.000000 
520.000000 0.435283 0.704714 2.000000 
521.000000 0.994959 0.470720 2.000000 
522.000000 0.425622 0.690291 2.000000 
523.000000 0.480525 0.455102 2.000000 
524.000000 0.785698 0.498248 2.000000 
525.000000 0.316081 0.188488 3.000000 
526.000000 0.791230 0.079114 3.000000 
527.000000 0.306998 0.234838 3.000000 
528.000000 0.658014 0.091519 2.000000 
529.000000 0.609518 0.999427 2.000000 
530.000000 0.939856 0.684930 2.000000 
531.000000 0.917672 0.355508 3.000000 
532.000000 0.328337 0.475410 3.000000 
533.000000 0.918068 0.397130 3.000000 
534.000000 0.698612 0.354312 2.000000 
535.000000 0.202769 0.290717 3.000000 
536.000000 0.525336 0.160314 1.000000 
537.000000 0.832967 0.461580 1.000000 
538.000000 0.465893 0.918733 2.000000 
539.000000 0.466975 0.032384 1.000000 
540.000000 0.400340 0.035723 1.000000 
541.000000 0.750896 0.844046 3.000000 
542.000000 0.624876 0.611999 2.000000 
543.000000 0.259909 0.290459 3.000000 
544.000000 0.498199 0.310925 1.000000 
545.000000 0.647165 0.952294 2.000000 
546.000000 0.990873 0.041673 3.000000 
547.000000 0.375625 0.440621 2.000000 
548.000000 0.265226 0.848698 3.000000 
549.000000 0.113248 0.891071 1.000000 
550.000000 0.562504 0.062912 1.000000 
551.000000 0.605807 0.609760 2.000000 
552.000000 0.024753 0.599065 2.000000 
553.000000 0.901860 0.695345 1.000000 
554.000000 0.011243 0.180521 3.000000 
555.000000 0.954743 0.248048 3.000000 
556.000000 0.044990 0.723996 2.000000 
557.000000 0.019627 0.060798 1.000000 
558.000000 0.383750 0.293724 3.000000 
559.000000 0.840985 0.303405 3.000000 
560.000000 0.857576 0.045504 1.000000 
561.000000 0.777961 0.685880 3.000000 
562.000000 0.017436 0.830828 2.000000 
563.000000 0.236987 0.883605 2.000000 
564.000000 0.778543 0.747058 3.000000 
565.000000 0.441102 0.315673 1.000000 
566.000000 0.145617 0.289758 3.000000 
567.000000 0.424584 0.581359 2.000000 
568.000000 0.042729 0.486593 2.000000 
569.000000 0.092300 0.691481 1.000000 
570.000000 0.605474 0.574748 2.000000 
571.000000 0.348496 0.592078 3.000000 
572.000000 0.168174 0.658219 2.000000 
573.000000 0.112981 0.863010 2.000000 
574.000000 0.616096 0.690091 2.000000 
575.000000 0.459525 0.250119 3.000000 
576.000000 0.262538 0.566512 3.000000 
577.000000 0.483796 0.798617 2.000000 
578.000000 0.854801 0.754090 2.000000 
579.000000 0.179419 0.838997 2.000000 
580.000000 0.094735 0.947217 2.000000 
581.000000 0.457750 0.063783 2.000000 
582.000000 0.697178 0.203638 2.000000 
583.000000 0.382020 0.112049 2.000000 
584.000000 0.765130 0.338673 2.000000 
585.000000 0.560645 0.867703 2.000000 
586.000000 0.108841 0.428351 2.000000 
587.000000 0.976818 0.565857 2.000000 
588.000000 0.414969 0.571787 2.000000 
589.000000 0.037646 0.952825 3.000000 
590.000000 0.046607 0.893696 2.000000 
591.000000 0.838090 0.999449 3.000000 
592.000000 0.942109 0.921415 2.000000 
593.000000 0.748530 0.595687 2.000000 
594.000000 0.547100 0.445474 2.000000 
595.000000 0.774750 0.348739 2.000000 
596.000000 0.617545 0.842266 2.000000 
597.000000 0.437930 0.982694 2.000000 
598.000000 0.182863 0.200662 2.000000 
599.000000 0.069495 0.296948 2.000000 
600.000000 0.179591 0.857094 1.000000 
601.000000 0.994879 0.462299 2.000000 
602.000000 0.541424 0.849504 2.000000 
603.000000 0.197899 0.779356 2.000000 
604.000000 0.832359 0.397740 2.000000 
605.000000 0.762746 0.088329 3.000000 
606.000000 0.274498 0.822239 3.000000 
607.000000 0.335133 0.188979 3.000000 
608.000000 0.842821 0.496205 2.000000 
609.000000 0.101520 0.659631 2.000000 
610.000000 0.261229 0.429084 3.000000 
611.000000 0.053840 0.653181 2.000000 
612.000000 0.584037 0.323912 3.000000 
613.000000 0.010757 0.129523 3.000000 
614.000000 0.599943 0.994055 2.000000 
615.000000 0.375769 0.455794 3.000000 
616.000000 0.858326 0.124180 3.000000 
617.000000 0.038928 0.087397 2.000000 
618.000000 0.176686 0.551982 2.000000 
619.000000 0.958137 0.604436 2.000000 
620.000000 0.465748 0.903534 2.000000 
621.000000 0.871119 0.467498 2.000000 
622.000000 0.087246 0.160857 3.000000 
623.000000 0.889977 0.447556 2.000000 
624.000000 0.993390 0.305914 2.000000 
625.000000 0.120919 0.696536 2.000000 
626.000000 0.136260 0.307333 2.000000 
627.000000 0.269992 0.349155 3.000000 
628.000000 0.661288 0.435244 3.000000 
629.000000 0.700671 0.570500 2.000000 
630.000000 0.902512 0.763763 2.000000 
631.000000 0.195076 0.482975 2.000000 
632.000000 0.712339 0.795630 3.000000 
633.000000 0.541189 0.824881 2.000000 
634.000000 0.612557 0.318451 2.000000 
635.000000 0.437399 0.926887 2.000000 
636.000000 0.323123 0.927866 1.000000 
637.000000 0.425906 0.720152 2.000000 
638.000000 0.616010 0.681035 2.000000 
639.000000 0.508626 0.405757 2.000000 
640.000000 0.604477 0.470090 2.000000 
641.000000 0.359415 0.738532 2.000000 
642.000000 0.545884 0.317821 3.000000 
643.000000 0.371213 0.977333 3.000000 
644.000000 0.620005 0.100517 1.000000 
645.000000 0.554254 0.196627 2.000000 
646.000000 0.645870 0.816388 2.000000 
647.000000 0.720778 0.681666 3.000000 
648.000000 0.574912 0.365784 2.000000 
649.000000 0.407330 0.769614 3.000000 
650.000000 0.809521 0.999659 3.000000 
651.000000 0.964222 0.243261 3.000000 
652.000000 0.542417 0.953805 2.000000 
653.000000 0.149495 0.697008 2.000000 
654.000000 0.185809 0.509989 2.000000 
655.000000 0.548887 0.633086 3.000000 
656.000000 0.474063 0.776645 2.000000 
657.000000 0.547675 0.505896 3.000000 
658.000000 0.119036 0.498749 2.000000 
659.000000 0.368633 0.706457 2.000000 
660.000000 0.177936 0.683284 2.000000 
661.000000 0.744790 0.202990 2.000000 
662.000000 0.313928 0.962393 1.000000 
663.000000 0.051286 0.385019 2.000000 
664.000000 0.426962 0.831047 2.000000 
665.000000 0.259971 0.296958 3.000000 
666.000000 0.180641 0.967343 2.000000 
667.000000 0.571037 0.958886 2.000000 
668.000000 0.683038 0.718997 3.000000 
669.000000 0.494720 0.945607 2.000000 
670.000000 0.288738 0.317532 3.000000 
671.000000 0.340910 0.795544 3.000000 
672.000000 0.532086 0.869022 2.000000 
673.000000 0.247267 0.963044 1.000000 
674.000000 0.119604 0.558378 2.000000 
675.000000 0.629681 0.116468 1.000000 
676.000000 0.229101 0.055556 2.000000 
677.000000 0.833328 0.499479 1.000000 
678.000000 0.445335 0.760155 2.000000 
679.000000 0.816276 0.708950 3.000000 
680.000000 0.439709 0.169493 3.000000 
681.000000 0.796734 0.657045 3.000000 
682.000000 0.989770 0.925827 2.000000 
683.000000 0.211839 0.243112 3.000000 
684.000000 0.526804 0.314400 2.000000 
685.000000 0.012026 0.262762 2.000000 
686.000000 0.590006 0.950620 2.000000 
687.000000 0.815152 0.590931 2.000000 
688.000000 0.047708 0.009337 2.000000 
689.000000 0.980377 0.939607 2.000000 
690.000000 0.658696 0.163097 1.000000 
691.000000 0.125201 0.146116 3.000000 
692.000000 0.342179 0.928772 1.000000 
693.000000 0.521046 0.709826 2.000000 
694.000000 0.531683 0.826765 2.000000 
695.000000 0.810291 0.080566 3.000000 
696.000000 0.459468 0.244113 2.000000 
697.000000 0.631913 0.350889 2.000000 
698.000000 0.843320 0.548584 2.000000 
699.000000 0.601298 0.136271 1.000000 
700.000000 0.308462 0.388510 3.000000 
701.000000 0.793525 0.320119 2.000000 
702.000000 0.612480 0.310377 2.000000 
703.000000 0.589583 0.906232 2.000000 
704.000000 0.154370 0.208852 3.000000 
705.000000 0.929501 0.597596 2.000000 
706.000000 0.747538 0.491480 2.000000 
707.000000 0.605425 0.569676 2.000000 
708.000000 0.815993 0.679235 3.000000 
709.000000 0.319659 0.564222 3.000000 
710.000000 0.243327 0.549363 3.000000 
711.000000 0.683103 0.725780 3.000000 
712.000000 0.206929 0.727588 2.000000 
713.000000 0.396689 0.652360 2.000000 
714.000000 0.497838 0.273010 3.000000 
715.000000 0.666069 0.937230 2.000000 
716.000000 0.409124 0.957983 2.000000 
717.000000 0.588213 0.762399 2.000000 
718.000000 0.051894 0.448853 2.000000 
719.000000 0.129558 0.603571 2.000000 
720.000000 0.374966 0.371395 3.000000 
721.000000 0.996501 0.632603 2.000000 
722.000000 0.423280 0.444446 2.000000 
723.000000 0.666795 0.013475 1.000000 
724.000000 0.414864 0.560694 2.000000 
725.000000 0.872864 0.650716 2.000000 
726.000000 0.325167 0.142542 2.000000 
727.000000 0.966891 0.523530 2.000000 
728.000000 0.970664 0.919771 2.000000 
729.000000 0.575927 0.472384 2.000000 
730.000000 0.600372 0.039052 2.000000 
731.000000 0.100496 0.552043 2.000000 
732.000000 0.964553 0.278058 3.000000 
733.000000 0.196073 0.587680 2.000000 
734.000000 0.706382 0.170103 1.000000 
735.000000 0.860825 0.386652 3.000000 
736.000000 0.598452 0.837485 2.000000 
737.000000 0.935971 0.276998 3.000000 
738.000000 0.084785 0.902375 2.000000 
739.000000 0.749399 0.686868 3.000000 
740.000000 0.121134 0.719032 2.000000 
741.000000 0.498348 0.326518 1.000000 
742.000000 0.284364 0.858240 3.000000 
743.000000 0.115187 0.094644 3.000000 
744.000000 0.937604 0.448420 3.000000 
745.000000 0.084056 0.825925 2.000000 
746.000000 0.722160 0.826806 3.000000 
747.000000 0.814649 0.538100 2.000000 
748.000000 0.500523 0.554949 2.000000 
749.000000 0.269612 0.309287 3.000000 
750.000000 0.475129 0.888526 2.000000 
751.000000 0.295271 0.003408 2.000000 
752.000000 0.357842 0.573453 2.000000 
753.000000 0.212517 0.314265 3.000000 
754.000000 0.997836 0.772745 2.000000 
755.000000 0.138231 0.514250 2.000000 
756.000000 0.996235 0.604725 2.000000 
757.000000 0.496166 0.097452 3.000000 
758.000000 0.232415 0.403617 2.000000 
759.000000 0.379810 0.880085 2.000000 
760.000000 0.408894 0.933854 2.000000 
761.000000 0.054688 0.742289 2.000000 
762.000000 0.940329 0.734558 2.000000 
763.000000 0.128596 0.502614 2.000000 
764.000000 0.774512 0.323806 2.000000 
765.000000 0.999680 0.966395 2.000000 
766.000000 0.471477 0.505064 2.000000 
767.000000 0.031739 0.332637 2.000000 
768.000000 0.926859 0.320230 3.000000 
769.000000 0.624129 0.533591 3.000000 
770.000000 0.027056 0.840863 2.000000 
771.000000 0.290580 0.510883 3.000000 
772.000000 0.642735 0.487153 2.000000 
773.000000 0.151063 0.861573 1.000000 
774.000000 0.465155 0.841228 2.000000 
775.000000 0.328936 0.538284 3.000000 
776.000000 0.519785 0.577469 2.000000 
777.000000 0.634230 0.594172 2.000000 
778.000000 0.388042 0.744385 2.000000 
779.000000 0.160460 0.848287 2.000000 
780.000000 0.070115 0.362037 2.000000 
781.000000 0.013935 0.463127 2.000000 
782.000000 0.628295 0.970965 2.000000 
783.000000 0.951328 0.889465 2.000000 
784.000000 0.393812 0.350288 2.000000 
785.000000 0.780268 0.928124 3.000000 
786.000000 0.453012 0.566234 2.000000 
787.000000 0.454528 0.725423 2.000000 
788.000000 0.169397 0.786733 2.000000 
789.000000 0.606923 0.726865 2.000000 
790.000000 0.320838 0.687964 2.000000 
791.000000 0.236186 0.799580 2.000000 
792.000000 0.955857 0.365017 2.000000 
793.000000 0.326743 0.307994 3.000000 
794.000000 0.339396 0.636622 2.000000 
795.000000 0.845330 0.759632 2.000000 
796.000000 0.761372 0.944023 3.000000 
797.000000 0.122409 0.852969 2.000000 
798.000000 0.561726 0.981228 2.000000 
799.000000 0.028977 0.042550 1.000000 
800.000000 0.467783 0.117187 3.000000 
801.000000 0.304611 0.984121 3.000000 
802.000000 0.332729 0.936519 1.000000 
803.000000 0.334522 0.124783 2.000000 
804.000000 0.102190 0.729907 2.000000 
805.000000 0.640203 0.221337 2.000000 
806.000000 0.240394 0.241421 3.000000 
807.000000 0.349240 0.670171 2.000000 
808.000000 0.367952 0.634968 2.000000 
809.000000 0.671624 0.520568 2.000000 
810.000000 0.659678 0.266185 2.000000 
811.000000 0.949460 0.693305 2.000000 
812.000000 0.797071 0.692456 3.000000 
813.000000 0.707921 0.331755 2.000000 
814.000000 0.834229 0.594052 2.000000 
815.000000 0.375473 0.424703 2.000000 
816.000000 0.593849 0.354143 3.000000 
817.000000 0.184992 0.424200 2.000000 
818.000000 0.540982 0.803099 2.000000 
819.000000 0.325439 0.171054 3.000000 
820.000000 0.960706 0.874100 2.000000 
821.000000 0.780479 0.950305 3.000000 
822.000000 0.782024 0.112571 3.000000 
823.000000 0.819924 0.092023 3.000000 
824.000000 0.662448 0.557086 2.000000 
825.000000 0.493980 0.867871 2.000000 
826.000000 0.126445 0.276677 3.000000 
827.000000 0.051106 0.366135 2.000000 
828.000000 0.444132 0.633846 2.000000 
829.000000 0.553857 0.155027 1.000000 
830.000000 0.277800 0.169010 3.000000 
831.000000 0.746009 0.330910 2.000000 
832.000000 0.745578 0.285719 2.000000 
833.000000 0.000456 0.047880 1.000000 
834.000000 0.027360 0.872803 1.000000 
835.000000 0.644358 0.657609 2.000000 
836.000000 0.048905 0.135058 3.000000 
837.000000 0.181056 0.010881 2.000000 
838.000000 0.142517 0.964276 2.000000 
839.000000 0.249010 0.146031 2.000000 
840.000000 0.333270 0.993308 3.000000 
841.000000 0.297346 0.221287 3.000000 
842.000000 0.235087 0.684112 2.000000 
843.000000 0.831761 0.334925 3.000000 
844.000000 0.167092 0.544678 2.000000 
845.000000 0.191192 0.075168 3.000000 
846.000000 0.892682 0.731637 1.000000 
847.000000 0.821841 0.293333 3.000000 
848.000000 0.799962 0.995972 3.000000 
849.000000 0.577084 0.593858 3.000000 
850.000000 0.355093 0.284768 3.000000 
851.000000 0.900623 0.565393 3.000000 
852.000000 0.366260 0.457330 3.000000 
853.000000 0.019678 0.066163 1.000000 
854.000000 0.947123 0.447891 3.000000 
855.000000 0.028543 0.997054 3.000000 
856.000000 0.690688 0.522262 1.000000 
857.000000 0.837505 0.937977 3.000000 
858.000000 0.487574 0.195246 2.000000 
859.000000 0.500856 0.589882 2.000000 
860.000000 0.937601 0.448063 3.000000 
861.000000 0.046572 0.890032 2.000000 
862.000000 0.453321 0.598657 2.000000 
863.000000 0.859021 0.197181 3.000000 
864.000000 0.703998 0.919780 2.000000 
865.000000 0.576883 0.572711 3.000000 
866.000000 0.134676 0.140946 3.000000 
867.000000 0.799365 0.933282 3.000000 
868.000000 0.994660 0.439346 2.000000 
869.000000 0.131378 0.794691 2.000000 
870.000000 0.442511 0.463669 2.000000 
871.000000 0.685231 0.949224 2.000000 
872.000000 0.668494 0.191884 2.000000 
873.000000 0.147844 0.523575 2.000000 
874.000000 0.975410 0.418097 2.000000 
875.000000 0.900161 0.516957 2.000000 
876.000000 0.280468 0.449163 3.000000 
877.000000 0.162129 0.023499 2.000000 
878.000000 0.467386 0.075518 2.000000 
879.000000 0.929374 0.584292 3.000000 
880.000000 0.350682 0.821559 2.000000 
881.000000 0.263671 0.685424 1.000000 
882.000000 0.969510 0.798507 2.000000 
883.000000 0.843256 0.541901 2.000000 
884.000000 0.899562 0.454026 2.000000 
885.000000 0.672687 0.632135 2.000000 
886.000000 0.374199 0.290850 3.000000 
887.000000 0.539291 0.625525 3.000000 
888.000000 0.680107 0.411219 2.000000 
889.000000 0.177946 0.684302 2.000000 
890.000000 0.851732 0.431863 2.000000 
891.000000 0.345617 0.289759 3.000000 
892.000000 0.424695 0.592935 2.000000 
893.000000 0.258226 0.113735 2.000000 
894.000000 0.942169 0.927778 1.000000 
895.000000 0.416640 0.747204 2.000000 
896.000000 0.456416 0.923656 2.000000 
897.000000 0.983881 0.307476 2.000000 
898.000000 0.285028 0.927923 3.000000 
899.000000 0.431870 0.346367 1.000000 
900.000000 0.368587 0.701648 2.000000 
901.000000 0.672995 0.664480 2.000000 
902.000000 0.770423 0.894397 3.000000 
903.000000 0.911647 0.722951 2.000000 
904.000000 0.909855 0.534803 2.000000 
905.000000 0.154315 0.203056 3.000000 
906.000000 0.320926 0.697204 2.000000 
907.000000 0.206379 0.669770 1.000000 
908.000000 0.325821 0.211222 3.000000 
909.000000 0.178286 0.720023 2.000000 
910.000000 0.602407 0.252757 2.000000 
911.000000 0.539500 0.647475 2.000000 
912.000000 0.984865 0.410801 2.000000 
913.000000 0.134093 0.079748 3.000000 
914.000000 0.373494 0.216915 3.000000 
915.000000 0.776099 0.490361 2.000000 
916.000000 0.487947 0.234453 2.000000 
917.000000 0.617558 0.843620 2.000000 
918.000000 0.580152 0.915938 2.000000 
919.000000 0.173460 0.213344 3.000000 
920.000000 0.401141 0.119848 3.000000 
921.000000 0.584055 0.325823 3.000000 
922.000000 0.211411 0.198131 2.000000 
923.000000 0.803731 0.391793 2.000000 
924.000000 0.138248 0.516009 2.000000 
925.000000 0.180903 0.994790 1.000000 
926.000000 0.452949 0.559655 2.000000 
927.000000 0.763817 0.200793 3.000000 
928.000000 0.083281 0.744519 2.000000 
929.000000 0.174546 0.327279 1.000000 
930.000000 0.364274 0.248749 3.000000 
931.000000 0.118689 0.462382 2.000000 
932.000000 0.550155 0.766225 2.000000 
933.000000 0.453652 0.633475 2.000000 
934.000000 0.514882 0.062579 3.000000 
935.000000 0.570816 0.935708 2.000000 
936.000000 0.249289 0.175310 2.000000 
937.000000 0.407566 0.794473 2.000000 
938.000000 0.419669 0.065199 2.000000 
939.000000 0.845914 0.820978 1.000000 
940.000000 0.202677 0.281052 3.000000 
941.000000 0.510493 0.601780 2.000000 
942.000000 0.186886 0.623021 1.000000 
943.000000 0.417205 0.806492 2.000000 
944.000000 0.681633 0.571416 2.000000 
945.000000 0.998655 0.858724 2.000000 
946.000000 0.165980 0.427945 2.000000 
947.000000 0.934246 0.095806 3.000000 
948.000000 0.059645 0.262675 2.000000 
949.000000 0.580897 0.994209 2.000000 
950.000000 0.391981 0.158040 3.000000 
951.000000 0.594205 0.391480 3.000000 
952.000000 0.105451 0.072377 2.000000 
953.000000 0.599609 0.958901 2.000000 
954.000000 0.684629 0.886025 2.000000 
955.000000 0.032599 0.422936 2.000000 
956.000000 0.408284 0.869815 2.000000 
957.000000 0.330594 0.712414 2.000000 
958.000000 0.803500 0.367507 3.000000 
959.000000 0.588185 0.759475 2.000000 
960.000000 0.744850 0.209253 2.000000 
961.000000 0.971564 0.014175 3.000000 
962.000000 0.488426 0.284748 3.000000 
963.000000 0.898491 0.341587 3.000000 
964.000000 0.866660 0.999259 2.000000 
965.000000 0.922201 0.831091 2.000000 
966.000000 0.264575 0.780401 2.000000 
967.000000 0.942094 0.919876 2.000000 
968.000000 0.587015 0.636615 3.000000 
969.000000 0.844600 0.683009 2.000000 
970.000000 0.715942 0.173895 2.000000 
971.000000 0.258987 0.193671 3.000000 
972.000000 0.335435 0.220684 3.000000 
973.000000 0.171793 0.038295 2.000000 
974.000000 0.020959 0.200672 3.000000 
975.000000 0.070587 0.411608 2.000000 
976.000000 0.218796 0.973544 1.000000 
977.000000 0.222158 0.326573 3.000000 
978.000000 0.290118 0.462405 3.000000 
979.000000 0.552533 0.015940 3.000000 
980.000000 0.673650 0.733244 2.000000 
981.000000 0.990638 0.016982 3.000000 
982.000000 0.783117 0.227267 3.000000 
983.000000 0.862987 0.613639 2.000000 
984.000000 0.432108 0.371315 1.000000 
985.000000 0.988106 0.751161 2.000000 
986.000000 0.871897 0.549234 3.000000 
987.000000 0.669589 0.306874 2.000000 
988.000000 0.221776 0.286515 3.000000 
989.000000 0.084114 0.831979 2.000000 
990.000000 0.357746 0.563357 2.000000 
991.000000 0.152471 0.009506 2.000000 
992.000000 0.998154 0.806124 2.000000 
993.000000 0.643051 0.520312 3.000000 
994.000000 0.632730 0.436642 3.000000 
995.000000 0.847366 0.973405 3.000000 
996.000000 0.207542 0.791905 2.000000 
997.000000 0.149999 0.749917 2.000000 
998.000000 0.741263 0.832589 3.000000 
999.000000 0.421895 0.299027 1.000000 
1000.000000 0.397843 0.773477 3.000000 
