Vario 
2 # Space Dimension
3 # Number of variables
1 # Number of directions
0.000000 # Scale
1 # Calculation Flag
# Variance
0.092391 -0.060564 -0.031827 
-0.060564 0.242256 -0.181692 
-0.031827 -0.181692 0.213519 
# Direction characteristics
1 # Regular lags
19 # Number of lags
0 0.000000 # Code selection: Option - Tolerance
0.026316 # Lag value
0.500000 # Tolerance on distance
90.000000 # Tolerance on angle
1.000000 0.000000 # Direction coefficients
1.000000 0.000000 # Direction increments on grid
# Variogram results (Weight, Distance, Variogram)
307.000000 0.009018 0.035831 
2082.000000 0.029037 0.060038 
3992.000000 0.053535 0.070140 
5944.000000 0.079259 0.079071 
7467.000000 0.105756 0.075131 
9254.000000 0.132066 0.080019 
10565.000000 0.158051 0.079129 
12148.000000 0.184126 0.081948 
13324.000000 0.210853 0.082483 
14161.000000 0.237223 0.083539 
15057.000000 0.263377 0.084047 
16050.000000 0.289533 0.084673 
17100.000000 0.315973 0.084942 
17461.000000 0.342310 0.088282 
17791.000000 0.368542 0.086504 
17976.000000 0.394775 0.086226 
18492.000000 0.421043 0.089444 
18627.000000 0.447425 0.089172 
18337.000000 0.473766 0.088837 
307.000000 0.009018 -0.034202 
2082.000000 0.029037 -0.048751 
3992.000000 0.053535 -0.050351 
5944.000000 0.079259 -0.053079 
7467.000000 0.105756 -0.047810 
9254.000000 0.132066 -0.048357 
10565.000000 0.158051 -0.047752 
12148.000000 0.184126 -0.051078 
13324.000000 0.210853 -0.051711 
14161.000000 0.237223 -0.055716 
15057.000000 0.263377 -0.057548 
16050.000000 0.289533 -0.056760 
17100.000000 0.315973 -0.058246 
17461.000000 0.342310 -0.059905 
17791.000000 0.368542 -0.057220 
17976.000000 0.394775 -0.057382 
18492.000000 0.421043 -0.058079 
18627.000000 0.447425 -0.057336 
18337.000000 0.473766 -0.055707 
307.000000 0.009018 0.045603 
2082.000000 0.029037 0.120797 
3992.000000 0.053535 0.163327 
5944.000000 0.079259 0.184724 
7467.000000 0.105756 0.198406 
9254.000000 0.132066 0.215961 
10565.000000 0.158051 0.231803 
12148.000000 0.184126 0.241604 
13324.000000 0.210853 0.249700 
14161.000000 0.237223 0.252595 
15057.000000 0.263377 0.250847 
16050.000000 0.289533 0.250062 
17100.000000 0.315973 0.252485 
17461.000000 0.342310 0.257059 
17791.000000 0.368542 0.247569 
17976.000000 0.394775 0.246022 
18492.000000 0.421043 0.242105 
18627.000000 0.447425 0.237317 
18337.000000 0.473766 0.225010 
307.000000 0.009018 -0.001629 
2082.000000 0.029037 -0.011287 
3992.000000 0.053535 -0.019790 
5944.000000 0.079259 -0.025993 
7467.000000 0.105756 -0.027320 
9254.000000 0.132066 -0.031662 
10565.000000 0.158051 -0.031377 
12148.000000 0.184126 -0.030869 
13324.000000 0.210853 -0.030772 
14161.000000 0.237223 -0.027823 
15057.000000 0.263377 -0.026499 
16050.000000 0.289533 -0.027913 
17100.000000 0.315973 -0.026696 
17461.000000 0.342310 -0.028378 
17791.000000 0.368542 -0.029284 
17976.000000 0.394775 -0.028844 
18492.000000 0.421043 -0.031365 
18627.000000 0.447425 -0.031836 
18337.000000 0.473766 -0.033130 
307.000000 0.009018 -0.011401 
2082.000000 0.029037 -0.072046 
3992.000000 0.053535 -0.112976 
5944.000000 0.079259 -0.131645 
7467.000000 0.105756 -0.150596 
9254.000000 0.132066 -0.167603 
10565.000000 0.158051 -0.184051 
12148.000000 0.184126 -0.190525 
13324.000000 0.210853 -0.197989 
14161.000000 0.237223 -0.196879 
15057.000000 0.263377 -0.193299 
16050.000000 0.289533 -0.193302 
17100.000000 0.315973 -0.194240 
17461.000000 0.342310 -0.197154 
17791.000000 0.368542 -0.190349 
17976.000000 0.394775 -0.188640 
18492.000000 0.421043 -0.184026 
18627.000000 0.447425 -0.179981 
18337.000000 0.473766 -0.169303 
307.000000 0.009018 0.013029 
2082.000000 0.029037 0.083333 
3992.000000 0.053535 0.132766 
5944.000000 0.079259 0.157638 
7467.000000 0.105756 0.177916 
9254.000000 0.132066 0.199265 
10565.000000 0.158051 0.215428 
12148.000000 0.184126 0.221394 
13324.000000 0.210853 0.228760 
14161.000000 0.237223 0.224702 
15057.000000 0.263377 0.219798 
16050.000000 0.289533 0.221215 
17100.000000 0.315973 0.220936 
17461.000000 0.342310 0.225531 
17791.000000 0.368542 0.219634 
17976.000000 0.394775 0.217484 
18492.000000 0.421043 0.215390 
18627.000000 0.447425 0.211816 
18337.000000 0.473766 0.202432 
