Vario 
2 # Space Dimension
3 # Number of variables
1 # Number of directions
0.000000 # Scale
1 # Calculation Flag
# Variance
0.000000 0.000000 0.000000 
0.000000 0.000000 0.000000 
0.000000 0.000000 -0.000000 
# Direction characteristics
1 # Regular lags
19 # Number of lags
0 0.000000 # Code selection: Option - Tolerance
0.026316 # Lag value
0.500000 # Tolerance on distance
90.000000 # Tolerance on angle
1.000000 0.000000 # Direction coefficients
1.000000 0.000000 # Direction increments on grid
# Variogram results (Weight, Distance, Variogram)
307.000000 0.009018 0.020780 
2082.000000 0.029037 0.060953 
3992.000000 0.053535 0.097919 
5944.000000 0.079259 0.123534 
7467.000000 0.105756 0.139653 
9254.000000 0.132066 0.148901 
10565.000000 0.158051 0.154032 
12148.000000 0.184126 0.156853 
13324.000000 0.210853 0.158395 
14161.000000 0.237223 0.159186 
15057.000000 0.263377 0.159591 
16050.000000 0.289533 0.159796 
17100.000000 0.315973 0.159900 
17461.000000 0.342310 0.159952 
17791.000000 0.368542 0.159977 
17976.000000 0.394775 0.159989 
18492.000000 0.421043 0.159995 
18627.000000 0.447425 0.159997 
18337.000000 0.473766 0.159999 
307.000000 0.009018 -0.012987 
2082.000000 0.029037 -0.038096 
3992.000000 0.053535 -0.061200 
5944.000000 0.079259 -0.077209 
7467.000000 0.105756 -0.087283 
9254.000000 0.132066 -0.093063 
10565.000000 0.158051 -0.096270 
12148.000000 0.184126 -0.098033 
13324.000000 0.210853 -0.098997 
14161.000000 0.237223 -0.099492 
15057.000000 0.263377 -0.099744 
16050.000000 0.289533 -0.099873 
17100.000000 0.315973 -0.099938 
17461.000000 0.342310 -0.099970 
17791.000000 0.368542 -0.099985 
17976.000000 0.394775 -0.099993 
18492.000000 0.421043 -0.099997 
18627.000000 0.447425 -0.099998 
18337.000000 0.473766 -0.099999 
307.000000 0.009018 0.077427 
2082.000000 0.029037 0.120797 
3992.000000 0.053535 0.152615 
5944.000000 0.079259 0.173634 
7467.000000 0.105756 0.187459 
9254.000000 0.132066 0.196349 
10565.000000 0.158051 0.202243 
12148.000000 0.184126 0.206378 
13324.000000 0.210853 0.209467 
14161.000000 0.237223 0.211779 
15057.000000 0.263377 0.213594 
16050.000000 0.289533 0.215075 
17100.000000 0.315973 0.216325 
17461.000000 0.342310 0.217384 
17791.000000 0.368542 0.218294 
17976.000000 0.394775 0.219089 
18492.000000 0.421043 0.219790 
18627.000000 0.447425 0.220416 
18337.000000 0.473766 0.220975 
307.000000 0.009018 -0.007792 
2082.000000 0.029037 -0.022857 
3992.000000 0.053535 -0.036720 
5944.000000 0.079259 -0.046325 
7467.000000 0.105756 -0.052370 
9254.000000 0.132066 -0.055838 
10565.000000 0.158051 -0.057762 
12148.000000 0.184126 -0.058820 
13324.000000 0.210853 -0.059398 
14161.000000 0.237223 -0.059695 
15057.000000 0.263377 -0.059847 
16050.000000 0.289533 -0.059924 
17100.000000 0.315973 -0.059963 
17461.000000 0.342310 -0.059982 
17791.000000 0.368542 -0.059991 
17976.000000 0.394775 -0.059996 
18492.000000 0.421043 -0.059998 
18627.000000 0.447425 -0.059999 
18337.000000 0.473766 -0.060000 
307.000000 0.009018 -0.064440 
2082.000000 0.029037 -0.082701 
3992.000000 0.053535 -0.091415 
5944.000000 0.079259 -0.096425 
7467.000000 0.105756 -0.100176 
9254.000000 0.132066 -0.103286 
10565.000000 0.158051 -0.105973 
12148.000000 0.184126 -0.108345 
13324.000000 0.210853 -0.110469 
14161.000000 0.237223 -0.112288 
15057.000000 0.263377 -0.113850 
16050.000000 0.289533 -0.115202 
17100.000000 0.315973 -0.116388 
17461.000000 0.342310 -0.117415 
17791.000000 0.368542 -0.118309 
17976.000000 0.394775 -0.119096 
18492.000000 0.421043 -0.119793 
18627.000000 0.447425 -0.120417 
18337.000000 0.473766 -0.120976 
307.000000 0.009018 0.072232 
2082.000000 0.029037 0.105558 
3992.000000 0.053535 0.128135 
5944.000000 0.079259 0.142750 
7467.000000 0.105756 0.152545 
9254.000000 0.132066 0.159124 
10565.000000 0.158051 0.163735 
12148.000000 0.184126 0.167165 
13324.000000 0.210853 0.169868 
14161.000000 0.237223 0.171983 
15057.000000 0.263377 0.173696 
16050.000000 0.289533 0.175126 
17100.000000 0.315973 0.176350 
17461.000000 0.342310 0.177396 
17791.000000 0.368542 0.178300 
17976.000000 0.394775 0.179092 
18492.000000 0.421043 0.179791 
18627.000000 0.447425 0.180416 
18337.000000 0.473766 0.180975 
