Db
7 # Number of variables
2334 # Number of samples
# Locators
NA x1 x2 lower1 upper1 z1 sel 
# Names
rank X Y Thickness Thickness_1 ThicknessSides Duplicate 
# Array of values
1 637320 6.8853e+06 7 7 7 1 
2 637170 6.88544e+06 7 7 7 1 
3 637258 6.88544e+06 7 7 7 1 
4 656293 6.90052e+06 10.5 10.5 10.5 1 
5 656818 6.90143e+06 7.6 7.6 7.6 1 
6 656423 6.90043e+06 5 5 5 1 
7 657579 6.89982e+06 8 8 8 1 
8 657777 6.90004e+06 9.8 9.8 9.8 1 
9 656284 6.89945e+06 5.5 5.5 5.5 1 
10 655715 6.90061e+06 9 9 9 1 
11 655485 6.90074e+06 9.6 9.6 9.6 1 
12 654835 6.90138e+06 8.35 8.35 8.35 1 
13 654195 6.89956e+06 7.7 7.7 7.7 1 
14 655210 6.89968e+06 2.5 2.5 2.5 1 
15 655475 6.90075e+06 11 11 11 1 
16 654740 6.90015e+06 8.6 8.6 8.6 1 
17 655794 6.90065e+06 8 8 8 1 
18 655695 6.90074e+06 8 8 8 1 
19 655675 6.90077e+06 7.9 7.9 7.9 1 
20 655525 6.90076e+06 10.8 10.8 10.8 1 
21 655475 6.90071e+06 8 8 8 1 
22 654344 6.8995e+06 6.4 6.4 6.4 1 
23 654708 6.89997e+06 9.5 9.5 9.5 1 
24 656336 6.89966e+06 5 5 5 1 
25 656212 6.9003e+06 8 8 8 1 
26 656003 6.90045e+06 7 7 7 1 
27 654998 6.89991e+06 6 6 6 1 
28 654767 6.89982e+06 7.7 7.7 7.7 1 
29 654777 6.89983e+06 7.5 7.5 7.5 1 
30 654937 6.89981e+06 1.2 1.2 1.2 1 
31 655211 6.90143e+06 1.8 1.8 1.8 1 
32 655517 6.901e+06 2.6 2.6 2.6 1 
33 655497 6.90098e+06 2.5 2.5 2.5 1 
34 655367 6.90098e+06 4.2 4.2 4.2 1 
35 655616 6.90087e+06 2.6 2.6 2.6 1 
36 655471 6.90086e+06 5.5 5.5 5.5 1 
37 653971 6.89797e+06 10.8 10.8 10.8 1 
38 654385 6.89838e+06 6.5 6.5 6.5 1 
39 655988 6.89918e+06 1.4 1.4 1.4 1 
40 655173 6.89929e+06 2.8 2.8 2.8 1 
41 654217 6.8975e+06 4.5 4.5 4.5 1 
42 652502 6.89571e+06 1.7 1.7 1.7 1 
43 653667 6.89437e+06 5.6 5.6 5.6 1 
44 653118 6.89404e+06 8 8 8 1 
45 655040 6.89529e+06 1.8 1.8 1.8 1 
46 653099 6.89538e+06 7.6 7.6 7.6 1 
47 652337 6.89365e+06 3.8 3.8 3.8 1 
48 650125 6.89494e+06 7.2 7.2 7.2 1 
49 648197 6.89524e+06 8.5 8.5 8.5 1 
50 647497 6.89414e+06 10 10 10 1 
51 647336 6.89402e+06 10 10 10 1 
52 644443 6.89257e+06 11.25 11.25 11.25 1 
53 645810 6.89209e+06 11.4 11.4 11.4 1 
54 646147 6.89299e+06 11.9 11.9 11.9 1 
55 645796 6.89278e+06 10.9 10.9 10.9 1 
56 645913 6.89309e+06 11.9 11.9 11.9 1 
57 645949 6.89313e+06 9.4 9.4 9.4 1 
58 645894 6.89317e+06 11.75 11.75 11.75 1 
59 645669 6.8932e+06 12 12 12 1 
60 646097 6.89351e+06 10.8 10.8 10.8 1 
61 645750 6.89274e+06 6.3 6.3 6.3 1 
62 645665 6.89276e+06 10.15 10.15 10.15 1 
63 645876 6.89287e+06 8 8 8 1 
64 645937 6.89295e+06 10.8 10.8 10.8 1 
65 645902 6.89296e+06 11.9 11.9 11.9 1 
66 645997 6.89298e+06 11.5 11.5 11.5 1 
67 645917 6.89299e+06 12.05 12.05 12.05 1 
68 645908 6.89303e+06 11.8 11.8 11.8 1 
69 645962 6.89353e+06 9.6 9.6 9.6 1 
70 646022 6.89349e+06 9.3 9.3 9.3 1 
71 645961 6.89347e+06 9.6 9.6 9.6 1 
72 645921 6.89339e+06 8.5 8.5 8.5 1 
73 646036 6.89339e+06 8.75 8.75 8.75 1 
74 645900 6.89333e+06 8.7 8.7 8.7 1 
75 645920 6.89328e+06 8.1 8.1 8.1 1 
76 645960 6.89328e+06 8.3 8.3 8.3 1 
77 645658 6.8931e+06 1.6 1.6 1.6 1 
78 645778 6.8931e+06 11.4 11.4 11.4 1 
79 645863 6.89309e+06 11.72 11.72 11.72 1 
80 645888 6.89312e+06 10.3 10.3 10.3 1 
81 645818 6.89312e+06 11.4 11.4 11.4 1 
82 645779 6.89314e+06 11.4 11.4 11.4 1 
83 645779 6.89316e+06 11.5 11.5 11.5 1 
84 645819 6.89314e+06 10.5 10.5 10.5 1 
85 645914 6.89314e+06 10.3 10.3 10.3 1 
86 645859 6.89316e+06 11.3 11.3 11.3 1 
87 645869 6.89317e+06 11 11 11 1 
88 645839 6.89317e+06 11.95 11.95 11.95 1 
89 645884 6.8932e+06 9.4 9.4 9.4 1 
90 645839 6.8932e+06 10.95 10.95 10.95 1 
91 645869 6.89322e+06 9.9 9.9 9.9 1 
92 645454 6.89255e+06 1 1 1 1 
93 642505 6.89046e+06 9 9 9 1 
94 642302 6.89009e+06 11 11 11 1 
95 642492 6.89002e+06 3 3 3 1 
96 642300 6.88986e+06 11.25 11.25 11.25 1 
97 642310 6.88982e+06 11 11 11 1 
98 642410 6.88976e+06 1.6 1.6 1.6 1 
99 641120 6.88622e+06 13 13 13 1 
100 641019 6.88615e+06 10 10 10 1 
101 639964 6.88553e+06 12 12 12 1 
102 639889 6.88549e+06 12 12 12 1 
103 635925 6.88452e+06 11 11 11 1 
104 635445 6.8845e+06 11.9 11.9 11.9 1 
105 635262 6.88416e+06 12.5 12.5 12.5 1 
106 635279 6.88384e+06 12.5 12.5 12.5 1 
107 635344 6.88322e+06 8.12 8.12 8.12 1 
108 634134 6.88324e+06 13 13 13 1 
109 634384 6.88266e+06 6.5 6.5 6.5 1 
110 633409 6.88078e+06 10.2 10.2 10.2 1 
111 633131 6.88052e+06 13 13 13 1 
112 632903 6.88073e+06 3 3 3 1 
113 632794 6.88078e+06 4.2 4.2 4.2 0 
114 632532 6.88063e+06 7.8 7.8 7.8 1 
115 632580 6.88034e+06 6.7 6.7 6.7 1 
116 632529 6.88023e+06 13.2 13.2 13.2 1 
117 632270 6.88034e+06 12.5 12.5 12.5 1 
118 631841 6.88053e+06 9 9 9 1 
119 632024 6.88082e+06 10 10 10 1 
120 631633 6.88076e+06 6 6 6 1 
121 631836 6.88105e+06 9.5 9.5 9.5 1 
122 631587 6.88123e+06 10.5 10.5 10.5 1 
123 631577 6.88125e+06 9.5 9.5 9.5 1 
124 631476 6.88116e+06 11 11 11 1 
125 631476 6.88115e+06 11 11 11 1 
126 631208 6.88135e+06 13.2 13.2 13.2 1 
127 631341 6.88169e+06 6 6 6 1 
128 631161 6.88171e+06 13.3 13.3 13.3 1 
129 631080 6.88163e+06 9.6 9.6 9.6 1 
130 631874 6.88143e+06 3.5 3.5 3.5 1 
131 630754 6.88209e+06 11 11 11 1 
132 630840 6.88277e+06 12 12 12 1 
133 630607 6.88244e+06 10.9 10.9 10.9 1 
134 630469 6.88275e+06 4.5 4.5 4.5 1 
135 630286 6.88228e+06 8.4 8.4 8.4 1 
136 629715 6.88218e+06 12.2 12.2 12.2 1 
137 629524 6.88214e+06 12.2 12.2 12.2 1 
138 629450 6.88168e+06 15.4 15.4 15.4 1 
139 630424 6.88205e+06 9.3 9.3 9.3 1 
140 630702 6.8819e+06 10.2 10.2 10.2 1 
141 630652 6.88185e+06 9.6 9.6 9.6 1 
142 630380 6.88163e+06 11.2 11.2 11.2 1 
143 631029 6.88142e+06 12 12 12 1 
144 630956 6.8811e+06 3.6 3.6 3.6 1 
145 630326 6.88114e+06 11 11 11 1 
146 630159 6.88148e+06 11.4 11.4 11.4 1 
147 629685 6.88118e+06 10.2 10.2 10.2 1 
148 629883 6.8808e+06 11.2 11.2 11.2 1 
149 630322 6.88059e+06 10 10 10 1 
150 630844 6.88086e+06 3.6 3.6 3.6 1 
151 630581 6.88092e+06 5 5 5 1 
152 630712 6.8806e+06 5.5 5.5 5.5 1 
153 630799 6.88031e+06 3 3 3 1 
154 630927 6.88002e+06 11 11 11 1 
155 631065 6.8798e+06 10.6 10.6 10.6 1 
156 631095 6.87977e+06 11.8 11.8 11.8 1 
157 630974 6.87966e+06 12.7 12.7 12.7 1 
158 631464 6.8796e+06 13.34 13.34 13.34 1 
159 631425 6.87915e+06 2.5 2.5 2.5 1 
160 632153 6.87832e+06 13.62 13.62 13.62 1 
161 631964 6.87723e+06 12.8 12.8 12.8 1 
162 631774 6.87721e+06 14.4 14.4 14.4 1 
163 631933 6.87712e+06 13.7 13.7 13.7 1 
164 631890 6.87708e+06 13.8 13.8 13.8 1 
165 631913 6.87707e+06 15.5 15.5 15.5 1 
166 631863 6.87712e+06 15.5 15.5 15.5 0 
167 632093 6.87832e+06 5.78 5.78 5.78 1 
168 632043 6.87831e+06 14.14 14.14 14.14 1 
169 631987 6.88126e+06 3.6 3.6 3.6 1 
170 633252 6.88053e+06 15 15 15 1 
171 633373 6.88074e+06 12 12 12 1 
172 633919 6.88141e+06 7.2 7.2 7.2 1 
173 633845 6.88153e+06 7 7 7 1 
174 633944 6.88201e+06 12.2 12.2 12.2 1 
175 634165 6.88215e+06 8 8 8 1 
176 634366 6.88229e+06 5.5 5.5 5.5 1 
177 634197 6.88235e+06 7.5 7.5 7.5 1 
178 634007 6.88245e+06 8.9 8.9 8.9 1 
179 634198 6.88256e+06 7 7 7 1 
180 634409 6.88264e+06 9.2 9.2 9.2 1 
181 634270 6.88277e+06 8.65 8.65 8.65 1 
182 634575 6.88334e+06 9.4 9.4 9.4 1 
183 635784 6.88439e+06 10 10 10 1 
184 639616 6.88573e+06 6.8 6.8 6.8 1 
185 639905 6.8856e+06 11.44 11.44 11.44 1 
186 639855 6.88566e+06 9.86 9.86 9.86 1 
187 639895 6.88571e+06 12 12 12 1 
188 639936 6.88574e+06 15 15 15 1 
189 639990 6.8857e+06 10.1 10.1 10.1 1 
190 640045 6.88567e+06 8.35 8.35 8.35 1 
191 640105 6.8857e+06 7.8 7.8 7.8 1 
192 639996 6.88575e+06 10 10 10 1 
193 640026 6.88577e+06 8.8 8.8 8.8 1 
194 639967 6.88587e+06 5.25 5.25 5.25 1 
195 639937 6.8859e+06 12 12 12 1 
196 641130 6.88622e+06 13.5 13.5 13.5 1 
197 641125 6.88622e+06 14.6 14.6 14.6 1 
198 641170 6.88622e+06 14.6 14.6 14.6 1 
199 641130 6.88624e+06 9.26 9.26 9.26 1 
200 641120 6.88625e+06 9.6 9.6 9.6 1 
201 641663 6.8878e+06 7 7 7 1 
202 641623 6.88781e+06 9 9 9 1 
203 641603 6.88781e+06 8 8 8 1 
204 658486 6.90188e+06 8.7 8.7 8.7 1 
205 658372 6.90267e+06 13 13 13 1 
206 658995 6.90294e+06 9.3 9.3 9.3 1 
207 660114 6.90514e+06 9 9 9 0 
208 659149 6.90586e+06 13 13 13 1 
209 659419 6.90582e+06 13 13 13 1 
210 660114 6.90514e+06 9 9 9 1 
211 661479 6.90687e+06 11.9 11.9 11.9 1 
212 661081 6.90719e+06 13.8 13.8 13.8 1 
213 660624 6.9075e+06 13.5 13.5 13.5 1 
214 661649 6.9069e+06 14.75 14.75 14.75 1 
215 661683 6.90734e+06 7.1 7.1 7.1 1 
216 661955 6.90704e+06 9.55 9.55 9.55 1 
217 662002 6.90721e+06 13.6 13.6 13.6 1 
218 662262 6.90716e+06 8 8 8 1 
219 662231 6.9071e+06 11.7 11.7 11.7 1 
220 662948 6.90784e+06 7.1 7.1 7.1 1 
221 663411 6.90822e+06 11.7 11.7 11.7 1 
222 663534 6.90853e+06 5 5 5 1 
223 663474 6.90856e+06 8 8 8 1 
224 661072 6.90966e+06 8.5 8.5 8.5 1 
225 662382 6.90956e+06 5.4 5.4 5.4 1 
226 664281 6.90937e+06 5.45 5.45 5.45 1 
227 664306 6.90993e+06 8 8 8 1 
228 669343 6.91174e+06 7 7 7 1 
229 671049 6.91235e+06 5.7 5.7 5.7 1 
230 673205 6.91296e+06 5.99 5.99 5.99 1 
231 672306 6.91545e+06 4.5 4.5 4.5 1 
232 671853 6.91514e+06 4.5 4.5 4.5 1 
233 674394 6.91329e+06 8 8 8 1 
234 677025 6.91184e+06 4 4 4 1 
235 679772 6.91231e+06 13 13 13 1 
236 679784 6.91249e+06 9.48 9.48 9.48 0 
237 680136 6.91269e+06 9 9 9 1 
238 680450 6.91206e+06 2.5 2.5 2.5 1 
239 681462 6.91336e+06 6.45 6.45 6.45 1 
240 682378 6.91625e+06 9.6 9.6 9.6 1 
241 682639 6.91637e+06 8.6 8.6 8.6 1 
242 682340 6.91657e+06 2 2 2 1 
243 682300 6.91659e+06 5.1 5.1 5.1 1 
244 682481 6.91668e+06 6 6 6 1 
245 682761 6.91663e+06 9 9 9 1 
246 682893 6.91681e+06 7.6 7.6 7.6 1 
247 682844 6.91697e+06 7.8 7.8 7.8 1 
248 682014 6.917e+06 5.6 5.6 5.6 1 
249 682126 6.9172e+06 3.25 3.25 3.25 1 
250 682606 6.91722e+06 6.1 6.1 6.1 1 
251 682247 6.91738e+06 11 11 11 1 
252 682790 6.91771e+06 5.9 5.9 5.9 1 
253 685231 6.92231e+06 7 7 7 1 
254 689942 6.9267e+06 7.05 7.05 7.05 1 
255 691361 6.93e+06 5.2 5.2 5.2 1 
256 691794 6.93027e+06 10.5 10.5 10.5 1 
257 692384 6.93021e+06 4.5 4.5 4.5 1 
258 692486 6.93043e+06 5.8 5.8 5.8 1 
259 694894 6.93353e+06 4.3 4.3 4.3 1 
260 695522 6.93434e+06 10.1 10.1 10.1 1 
261 696951 6.9376e+06 3.7 3.7 3.7 1 
262 701365 6.94117e+06 11.2 11.2 11.2 1 
263 705138 6.94228e+06 8.75 8.75 8.75 1 
264 716842 6.94528e+06 7.4 7.4 7.4 1 
265 716711 6.94633e+06 6.6 6.6 6.6 1 
266 719459 6.94803e+06 6.4 6.4 6.4 1 
267 719788 6.94793e+06 6.6 6.6 6.6 1 
268 720543 6.94846e+06 9 9 9 1 
269 720415 6.94868e+06 6.2 6.2 6.2 1 
270 721289 6.94907e+06 6.4 6.4 6.4 1 
271 721560 6.94912e+06 6.6 6.6 6.6 1 
272 721831 6.94918e+06 6.7 6.7 6.7 1 
273 722102 6.94928e+06 6.3 6.3 6.3 1 
274 722332 6.94932e+06 7 7 7 1 
275 722443 6.94938e+06 6.6 6.6 6.6 1 
276 722592 6.94933e+06 6.4 6.4 6.4 1 
277 723616 6.94961e+06 6.8 6.8 6.8 1 
278 723966 6.94964e+06 7 7 7 1 
279 724147 6.94972e+06 9.4 9.4 9.4 1 
280 724397 6.94969e+06 7.6 7.6 7.6 1 
281 724668 6.94977e+06 8 8 8 1 
282 725018 6.94974e+06 7.8 7.8 7.8 1 
283 725168 6.94976e+06 8.2 8.2 8.2 1 
284 725479 6.94979e+06 7.8 7.8 7.8 1 
285 725659 6.94983e+06 7.6 7.6 7.6 1 
286 726020 6.94987e+06 8.2 8.2 8.2 1 
287 726180 6.94985e+06 5.6 5.6 5.6 1 
288 726300 6.94986e+06 6.2 6.2 6.2 1 
289 726400 6.94988e+06 6.4 6.4 6.4 1 
290 726541 6.95103e+06 12 12 12 1 
291 724247 6.94973e+06 8.2 8.2 8.2 1 
292 724347 6.94974e+06 2.4 2.4 2.4 1 
293 722953 6.95045e+06 6.85 6.85 6.85 1 
294 724466 6.95073e+06 11.13 11.13 11.13 1 
295 725075 6.95052e+06 8.5 8.5 8.5 1 
296 724965 6.95052e+06 10 10 10 1 
297 724007 6.94973e+06 7.35 7.35 7.35 1 
298 723585 6.94959e+06 2.2 2.2 2.2 1 
299 723285 6.94921e+06 6.2 6.2 6.2 1 
300 723162 6.94913e+06 6.2 6.2 6.2 1 
301 723082 6.94914e+06 5.6 5.6 5.6 1 
302 722952 6.94913e+06 6 6 6 1 
303 722828 6.94912e+06 5.6 5.6 5.6 1 
304 722771 6.94901e+06 7.6 7.6 7.6 1 
305 722902 6.94902e+06 6.3 6.3 6.3 1 
306 723017 6.94903e+06 7.3 7.3 7.3 1 
307 723169 6.94905e+06 5.7 5.7 5.7 1 
308 723294 6.94906e+06 6.7 6.7 6.7 1 
309 723420 6.94907e+06 8.2 8.2 8.2 1 
310 723571 6.94909e+06 6.7 6.7 6.7 1 
311 723821 6.94912e+06 7.8 7.8 7.8 1 
312 723588 6.94894e+06 8.7 8.7 8.7 1 
313 723482 6.94894e+06 7.5 7.5 7.5 1 
314 723309 6.94891e+06 8 8 8 1 
315 723216 6.94886e+06 6.4 6.4 6.4 1 
316 723109 6.94889e+06 7.2 7.2 7.2 1 
317 722966 6.94893e+06 6.8 6.8 6.8 1 
318 722845 6.94892e+06 6.7 6.7 6.7 1 
319 722974 6.94883e+06 7.4 7.4 7.4 1 
320 723119 6.94877e+06 7.4 7.4 7.4 1 
321 723317 6.94876e+06 8 8 8 1 
322 723443 6.94882e+06 8 8 8 1 
323 723604 6.94878e+06 6.8 6.8 6.8 1 
324 724085 6.9484e+06 7 7 7 1 
325 723542 6.94763e+06 8.25 8.25 8.25 1 
326 723513 6.94705e+06 2.2 2.2 2.2 1 
327 722754 6.94944e+06 3.2 3.2 3.2 1 
328 722432 6.94935e+06 2.4 2.4 2.4 1 
329 721737 6.94858e+06 8 8 8 1 
330 721648 6.95118e+06 12.43 12.43 12.43 1 
331 721609 6.95121e+06 3.9 3.9 3.9 1 
332 721658 6.95118e+06 3.2 3.2 3.2 1 
333 721588 6.95112e+06 2.8 2.8 2.8 1 
334 721728 6.95114e+06 3.2 3.2 3.2 1 
335 721709 6.9512e+06 4.4 4.4 4.4 1 
336 721593 6.95168e+06 3.81 3.81 3.81 1 
337 721127 6.95216e+06 3.9 3.9 3.9 1 
338 721592 6.9483e+06 9.5 9.5 9.5 1 
339 721711 6.9484e+06 8.7 8.7 8.7 1 
340 721607 6.9485e+06 9.3 9.3 9.3 1 
341 721625 6.94863e+06 8 8 8 1 
342 721714 6.94879e+06 6.7 6.7 6.7 1 
343 721779 6.94892e+06 5.8 5.8 5.8 1 
344 721560 6.94916e+06 7.6 7.6 7.6 1 
345 721535 6.94915e+06 7.6 7.6 7.6 1 
346 721647 6.94899e+06 6.8 6.8 6.8 1 
347 721574 6.94892e+06 8.7 8.7 8.7 1 
348 721503 6.94885e+06 7 7 7 1 
349 721498 6.94873e+06 6.3 6.3 6.3 1 
350 721558 6.94867e+06 7.2 7.2 7.2 1 
351 721412 6.94879e+06 7.4 7.4 7.4 1 
352 721333 6.94872e+06 6 6 6 1 
353 721267 6.94874e+06 7.2 7.2 7.2 1 
354 721266 6.94871e+06 7.4 7.4 7.4 1 
355 721253 6.94882e+06 7.8 7.8 7.8 1 
356 721373 6.94954e+06 6.5 6.5 6.5 1 
357 721003 6.94952e+06 7.25 7.25 7.25 1 
358 721253 6.94946e+06 6.3 6.3 6.3 1 
359 720962 6.94937e+06 8.24 8.24 8.24 1 
360 720750 6.94919e+06 5.15 5.15 5.15 0 
361 720750 6.94919e+06 7 7 7 1 
362 720649 6.94911e+06 5.16 5.16 5.16 1 
363 720568 6.94904e+06 8.6 8.6 8.6 1 
364 720369 6.94911e+06 11 11 11 1 
365 720309 6.94913e+06 8 8 8 1 
366 720377 6.94887e+06 9.8 9.8 9.8 1 
367 720236 6.94878e+06 5.13 5.13 5.13 1 
368 720256 6.9488e+06 5.15 5.15 5.15 0 
369 720256 6.9488e+06 7.2 7.2 7.2 1 
370 720253 6.94879e+06 5.4 5.4 5.4 1 
371 720723 6.94841e+06 7.6 7.6 7.6 1 
372 720533 6.94849e+06 9 9 9 1 
373 720054 6.94861e+06 5.15 5.15 5.15 0 
374 720054 6.94861e+06 8.4 8.4 8.4 1 
375 719711 6.94832e+06 5.08 5.08 5.08 0 
376 719711 6.94832e+06 6.8 6.8 6.8 1 
377 719789 6.94823e+06 7.1 7.1 7.1 1 
378 719903 6.9481e+06 6 6 6 1 
379 719754 6.94805e+06 7.2 7.2 7.2 1 
380 719349 6.94805e+06 6.5 6.5 6.5 1 
381 718439 6.94703e+06 6 6 6 1 
382 718404 6.94704e+06 4.1 4.1 4.1 1 
383 718268 6.94692e+06 4.2 4.2 4.2 1 
384 718122 6.94683e+06 4.2 4.2 4.2 1 
385 717582 6.94634e+06 5.2 5.2 5.2 1 
386 717174 6.946e+06 5.3 5.3 5.3 1 
387 715606 6.9448e+06 2.8 2.8 2.8 1 
388 715581 6.94486e+06 1.1 1.1 1.1 1 
389 716862 6.94522e+06 8.2 8.2 8.2 1 
390 716841 6.94518e+06 5.5 5.5 5.5 1 
391 716140 6.94506e+06 8.5 8.5 8.5 1 
392 716273 6.94491e+06 9 9 9 1 
393 716260 6.94497e+06 9 9 9 1 
394 717688 6.94476e+06 12.5 12.5 12.5 1 
395 716626 6.94572e+06 7.4 7.4 7.4 1 
396 716595 6.94568e+06 8.2 8.2 8.2 1 
397 716389 6.94502e+06 9 9 9 1 
398 716365 6.94504e+06 9 9 9 1 
399 716967 6.94583e+06 6 6 6 1 
400 716484 6.94552e+06 7 7 7 1 
401 715648 6.94487e+06 0.4 0.4 0.4 1 
402 715518 6.94479e+06 1.9 1.9 1.9 1 
403 716893 6.94652e+06 14.3 14.3 14.3 1 
404 716458 6.94485e+06 10.78 10.78 10.78 1 
405 714655 6.94467e+06 7.65 7.65 7.65 1 
406 712505 6.9429e+06 4 4 4 1 
407 712498 6.94292e+06 6.2 6.2 6.2 1 
408 712307 6.94278e+06 6.8 6.8 6.8 1 
409 712940 6.94222e+06 8 8 8 1 
410 711985 6.94377e+06 5 5 5 1 
411 709332 6.94249e+06 4.3 4.3 4.3 1 
412 708929 6.94212e+06 7.3 7.3 7.3 1 
413 708989 6.94214e+06 7 7 7 1 
414 705846 6.94205e+06 6 6 6 1 
415 705145 6.94198e+06 6.3 6.3 6.3 1 
416 703796 6.94106e+06 6.9 6.9 6.9 1 
417 702508 6.9391e+06 5.1 5.1 5.1 1 
418 701532 6.94115e+06 5.5 5.5 5.5 1 
419 700989 6.94042e+06 5.5 5.5 5.5 1 
420 700423 6.94098e+06 4 4 4 1 
421 700224 6.94108e+06 4 4 4 1 
422 700063 6.941e+06 4 4 4 1 
423 699831 6.94189e+06 5.6 5.6 5.6 1 
424 699845 6.94187e+06 4.5 4.5 4.5 1 
425 699693 6.94099e+06 4 4 4 1 
426 700059 6.94e+06 5.1 5.1 5.1 1 
427 700044 6.94003e+06 4.6 4.6 4.6 1 
428 700034 6.94001e+06 4.6 4.6 4.6 1 
429 700269 6.93939e+06 1.4 1.4 1.4 1 
430 700071 6.93964e+06 2.5 2.5 2.5 1 
431 697654 6.94018e+06 1.7 1.7 1.7 1 
432 697631 6.93963e+06 1.8 1.8 1.8 1 
433 697784 6.93959e+06 4.6 4.6 4.6 1 
434 697953 6.93956e+06 2.5 2.5 2.5 1 
435 698229 6.93951e+06 6 6 6 1 
436 698288 6.93946e+06 5.3 5.3 5.3 1 
437 698050 6.9394e+06 4.3 4.3 4.3 1 
438 697866 6.93945e+06 2 2 2 1 
439 697688 6.93945e+06 5 5 5 1 
440 697961 6.9393e+06 2.2 2.2 2.2 1 
441 697874 6.93918e+06 2 2 2 1 
442 697716 6.93918e+06 5 5 5 1 
443 697785 6.93905e+06 2.1 2.1 2.1 1 
444 697713 6.93893e+06 5 5 5 1 
445 697642 6.93882e+06 5 5 5 1 
446 697651 6.9386e+06 8.12 8.12 8.12 1 
447 697972 6.93892e+06 8.2 8.2 8.2 1 
448 697397 6.93807e+06 11 11 11 1 
449 697241 6.93759e+06 10.5 10.5 10.5 1 
450 697449 6.93737e+06 4.75 4.75 4.75 1 
451 697556 6.93588e+06 6 6 6 1 
452 697150 6.93748e+06 6.8 6.8 6.8 1 
453 697118 6.93718e+06 3 3 3 1 
454 697154 6.93724e+06 10.5 10.5 10.5 1 
455 697078 6.93718e+06 3.5 3.5 3.5 1 
456 696998 6.9372e+06 4.5 4.5 4.5 1 
457 697402 6.93597e+06 10.4 10.4 10.4 1 
458 696950 6.93523e+06 8.4 8.4 8.4 1 
459 696654 6.93463e+06 7.1 7.1 7.1 1 
460 696471 6.93422e+06 7.2 7.2 7.2 1 
461 696150 6.9341e+06 7.3 7.3 7.3 1 
462 695944 6.93339e+06 5 5 5 1 
463 696368 6.93277e+06 6 6 6 1 
464 695698 6.93392e+06 7.2 7.2 7.2 1 
465 695701 6.93392e+06 12.9 12.9 12.9 1 
466 695508 6.93397e+06 7.7 7.7 7.7 1 
467 695529 6.93398e+06 7.7 7.7 7.7 1 
468 695468 6.93391e+06 5.2 5.2 5.2 1 
469 695502 6.93432e+06 3.55 3.55 3.55 1 
470 695532 6.93436e+06 8.45 8.45 8.45 1 
471 695552 6.93438e+06 5.1 5.1 5.1 1 
472 695602 6.93432e+06 7 7 7 1 
473 695380 6.93413e+06 7.5 7.5 7.5 1 
474 695340 6.93413e+06 7.7 7.7 7.7 1 
475 695330 6.93413e+06 7.7 7.7 7.7 1 
476 695301 6.93425e+06 7.7 7.7 7.7 1 
477 695372 6.93436e+06 7.7 7.7 7.7 1 
478 695068 6.93376e+06 4.6 4.6 4.6 1 
479 695124 6.93403e+06 8.8 8.8 8.8 0 
480 695124 6.93403e+06 7.8 7.8 7.8 1 
481 695502 6.93442e+06 7.7 7.7 7.7 1 
482 694701 6.93429e+06 8.8 8.8 8.8 1 
483 694731 6.93427e+06 8.6 8.6 8.6 1 
484 694731 6.93432e+06 7.9 7.9 7.9 1 
485 694781 6.93426e+06 8.3 8.3 8.3 1 
486 694700 6.93422e+06 9.1 9.1 9.1 1 
487 694661 6.93426e+06 8.7 8.7 8.7 1 
488 694171 6.93354e+06 7.1 7.1 7.1 1 
489 694580 6.93364e+06 5.7 5.7 5.7 1 
490 694831 6.9337e+06 8.1 8.1 8.1 1 
491 694983 6.93334e+06 3 3 3 1 
492 694914 6.93345e+06 6 6 6 1 
493 694894 6.93345e+06 6 6 6 1 
494 694944 6.93353e+06 3.5 3.5 3.5 1 
495 694934 6.93353e+06 6 6 6 1 
496 694813 6.93333e+06 4 4 4 1 
497 695380 6.93183e+06 1.2 1.2 1.2 1 
498 693442 6.93334e+06 8.9 8.9 8.9 1 
499 693387 6.93338e+06 10 10 10 1 
500 693442 6.93338e+06 11.2 11.2 11.2 1 
501 693348 6.93281e+06 7 7 7 1 
502 692885 6.93255e+06 7.5 7.5 7.5 1 
503 693046 6.93238e+06 6.1 6.1 6.1 1 
504 692943 6.93239e+06 9 9 9 1 
505 692897 6.93221e+06 9.1 9.1 9.1 1 
506 692850 6.9321e+06 4 4 4 1 
507 693310 6.93202e+06 6.6 6.6 6.6 1 
508 692711 6.93184e+06 7.5 7.5 7.5 1 
509 692605 6.93163e+06 8.75 8.75 8.75 1 
510 692865 6.93144e+06 4.1 4.1 4.1 1 
511 692954 6.93133e+06 5 5 5 1 
512 692494 6.9314e+06 10.5 10.5 10.5 1 
513 692321 6.93108e+06 7.2 7.2 7.2 1 
514 692357 6.93116e+06 11.2 11.2 11.2 1 
515 692231 6.93116e+06 4 4 4 1 
516 692138 6.93095e+06 5.7 5.7 5.7 1 
517 693339 6.92962e+06 4 4 4 1 
518 691592 6.92996e+06 5 5 5 1 
519 691789 6.93089e+06 3 3 3 1 
520 691822 6.93071e+06 5 5 5 1 
521 691579 6.93072e+06 3 3 3 1 
522 691567 6.93061e+06 8.15 8.15 8.15 1 
523 691291 6.93014e+06 5.4 5.4 5.4 1 
524 691090 6.92985e+06 10 10 10 1 
525 691165 6.93046e+06 8.05 8.05 8.05 1 
526 691616 6.92876e+06 8 8 8 1 
527 690640 6.92895e+06 5.5 5.5 5.5 1 
528 690949 6.92865e+06 6.5 6.5 6.5 1 
529 690613 6.92863e+06 8.3 8.3 8.3 1 
530 690514 6.92841e+06 4.3 4.3 4.3 1 
531 691099 6.92805e+06 4.6 4.6 4.6 1 
532 691517 6.92779e+06 4.8 4.8 4.8 1 
533 691191 6.92762e+06 4 4 4 1 
534 690915 6.92755e+06 4.4 4.4 4.4 1 
535 690290 6.92823e+06 10.5 10.5 10.5 1 
536 690107 6.9284e+06 5.6 5.6 5.6 1 
537 690423 6.92799e+06 4.9 4.9 4.9 1 
538 690389 6.92788e+06 10 10 10 1 
539 691231 6.92734e+06 8 8 8 1 
540 691058 6.9273e+06 3.6 3.6 3.6 1 
541 690636 6.92712e+06 4.8 4.8 4.8 1 
542 690396 6.9275e+06 6 6 6 1 
543 690225 6.92699e+06 6.1 6.1 6.1 1 
544 690236 6.927e+06 5.2 5.2 5.2 1 
545 690237 6.92701e+06 6.5 6.5 6.5 1 
546 690124 6.9269e+06 8.1 8.1 8.1 1 
547 690074 6.92695e+06 5.3 5.3 5.3 1 
548 690178 6.92675e+06 5.5 5.5 5.5 1 
549 690015 6.92658e+06 7.5 7.5 7.5 1 
550 690261 6.92663e+06 1.5 1.5 1.5 1 
551 689910 6.9265e+06 9.1 9.1 9.1 1 
552 689711 6.92636e+06 11 11 11 1 
553 689473 6.92637e+06 8.2 8.2 8.2 1 
554 689699 6.92585e+06 4.5 4.5 4.5 1 
555 689174 6.92615e+06 9 9 9 1 
556 688779 6.9264e+06 3.1 3.1 3.1 1 
557 688838 6.92636e+06 6 6 6 1 
558 688629 6.92643e+06 4.1 4.1 4.1 1 
559 688699 6.92641e+06 4.2 4.2 4.2 1 
560 688489 6.92646e+06 4.1 4.1 4.1 1 
561 688359 6.9265e+06 6 6 6 1 
562 688862 6.92567e+06 5.5 5.5 5.5 1 
563 688873 6.9257e+06 6.5 6.5 6.5 1 
564 688853 6.92569e+06 6.9 6.9 6.9 1 
565 689471 6.92547e+06 5.6 5.6 5.6 1 
566 689818 6.92569e+06 4.6 4.6 4.6 1 
567 688896 6.92545e+06 8.2 8.2 8.2 1 
568 688813 6.92578e+06 5.5 5.5 5.5 1 
569 688833 6.92579e+06 5.45 5.45 5.45 1 
570 688553 6.92576e+06 6 6 6 1 
571 688603 6.9257e+06 5.85 5.85 5.85 1 
572 688694 6.92589e+06 5.7 5.7 5.7 1 
573 688315 6.92566e+06 7.2 7.2 7.2 1 
574 688319 6.92566e+06 7.2 7.2 7.2 1 
575 688251 6.92552e+06 6 6 6 1 
576 688089 6.92532e+06 2.9 2.9 2.9 1 
577 687959 6.92532e+06 7.7 7.7 7.7 1 
578 687622 6.92565e+06 9.5 9.5 9.5 1 
579 687373 6.92579e+06 7.48 7.48 7.48 1 
580 687310 6.9255e+06 7.6 7.6 7.6 1 
581 687310 6.92547e+06 8.1 8.1 8.1 1 
582 686892 6.92464e+06 5.85 5.85 5.85 1 
583 687142 6.92457e+06 8.8 8.8 8.8 1 
584 686347 6.92408e+06 8.5 8.5 8.5 1 
585 686167 6.92403e+06 8.5 8.5 8.5 1 
586 686023 6.92362e+06 10 10 10 1 
587 685952 6.92354e+06 8 8 8 1 
588 685372 6.92359e+06 9.2 9.2 9.2 1 
589 685786 6.92396e+06 7 7 7 1 
590 685955 6.92388e+06 11.1 11.1 11.1 1 
591 685499 6.92313e+06 8.2 8.2 8.2 1 
592 685409 6.92316e+06 8 8 8 1 
593 685197 6.92301e+06 6.7 6.7 6.7 1 
594 685147 6.92296e+06 8 8 8 1 
595 684996 6.92289e+06 5.9 5.9 5.9 1 
596 685100 6.92328e+06 5.8 5.8 5.8 1 
597 685249 6.92321e+06 8.5 8.5 8.5 1 
598 684941 6.92232e+06 7.2 7.2 7.2 1 
599 685204 6.92259e+06 5.8 5.8 5.8 1 
600 685231 6.92231e+06 7.5 7.5 7.5 1 
601 685391 6.92224e+06 5.75 5.75 5.75 1 
602 685342 6.92237e+06 6 6 6 1 
603 685384 6.9226e+06 6.6 6.6 6.6 1 
604 684980 6.92213e+06 14.6 14.6 14.6 1 
605 685039 6.92204e+06 6.05 6.05 6.05 1 
606 685122 6.92234e+06 6.2 6.2 6.2 1 
607 685180 6.92217e+06 7 7 7 1 
608 684709 6.92211e+06 5.5 5.5 5.5 1 
609 684719 6.9221e+06 8.5 8.5 8.5 1 
610 684589 6.92206e+06 8.3 8.3 8.3 1 
611 684540 6.92217e+06 7.1 7.1 7.1 1 
612 684460 6.92226e+06 8.9 8.9 8.9 1 
613 684708 6.92191e+06 10.4 10.4 10.4 1 
614 685088 6.92193e+06 6 6 6 1 
615 685115 6.92155e+06 6.4 6.4 6.4 1 
616 685040 6.92152e+06 3.6 3.6 3.6 1 
617 685195 6.92146e+06 3.2 3.2 3.2 1 
618 685406 6.92289e+06 6.8 6.8 6.8 1 
619 685336 6.92287e+06 7.4 7.4 7.4 1 
620 685356 6.92284e+06 7.2 7.2 7.2 1 
621 685166 6.92288e+06 9.2 9.2 9.2 1 
622 684785 6.92166e+06 4 4 4 1 
623 684504 6.92156e+06 7.5 7.5 7.5 1 
624 684654 6.92152e+06 4 4 4 1 
625 684771 6.92117e+06 5.5 5.5 5.5 1 
626 684287 6.92068e+06 6.5 6.5 6.5 1 
627 684785 6.9205e+06 4.8 4.8 4.8 1 
628 684644 6.92034e+06 2.75 2.75 2.75 1 
629 684674 6.92038e+06 3.7 3.7 3.7 1 
630 683905 6.91992e+06 7.5 7.5 7.5 1 
631 683908 6.91974e+06 7.5 7.5 7.5 1 
632 683668 6.91972e+06 8.7 8.7 8.7 1 
633 684286 6.9194e+06 3.5 3.5 3.5 1 
634 684014 6.91928e+06 4 4 4 1 
635 683913 6.91906e+06 4 4 4 1 
636 683233 6.91918e+06 8.5 8.5 8.5 1 
637 683536 6.91835e+06 4 4 4 1 
638 683266 6.9184e+06 5.2 5.2 5.2 1 
639 682828 6.91857e+06 9 9 9 1 
640 683232 6.91802e+06 6.2 6.2 6.2 1 
641 683223 6.91803e+06 6.4 6.4 6.4 1 
642 683236 6.91804e+06 6 6 6 1 
643 683234 6.91803e+06 6 6 6 1 
644 683244 6.91802e+06 7 7 7 1 
645 683143 6.91798e+06 5 5 5 1 
646 682353 6.91804e+06 3.91 3.91 3.91 1 
647 681920 6.91777e+06 9.4 9.4 9.4 1 
648 682720 6.91768e+06 8 8 8 1 
649 682840 6.91773e+06 7 7 7 1 
650 682841 6.91778e+06 5 5 5 1 
651 682891 6.91776e+06 1.6 1.6 1.6 1 
652 682951 6.91781e+06 8.05 8.05 8.05 1 
653 682991 6.91787e+06 6.6 6.6 6.6 1 
654 683290 6.91766e+06 6 6 6 1 
655 683409 6.91757e+06 3.1 3.1 3.1 1 
656 683347 6.91726e+06 3.7 3.7 3.7 1 
657 681739 6.91756e+06 5.5 5.5 5.5 1 
658 681818 6.9175e+06 7.7 7.7 7.7 1 
659 681957 6.91733e+06 8.8 8.8 8.8 1 
660 681974 6.91706e+06 4 4 4 1 
661 682667 6.9173e+06 7.2 7.2 7.2 1 
662 682687 6.91737e+06 1.5 1.5 1.5 1 
663 682378 6.91749e+06 7 7 7 1 
664 682099 6.9176e+06 6.8 6.8 6.8 1 
665 682762 6.91672e+06 8.8 8.8 8.8 1 
666 682721 6.91666e+06 10.1 10.1 10.1 1 
667 683519 6.91634e+06 2.2 2.2 2.2 1 
668 682983 6.9157e+06 0.9 0.9 0.9 1 
669 681491 6.91667e+06 3.6 3.6 3.6 1 
670 681264 6.91661e+06 7.8 7.8 7.8 1 
671 681358 6.91636e+06 2.9 2.9 2.9 1 
672 681625 6.91626e+06 5 5 5 1 
673 681956 6.91616e+06 3.2 3.2 3.2 1 
674 682035 6.91568e+06 5.4 5.4 5.4 1 
675 681480 6.91544e+06 9.7 9.7 9.7 1 
676 681825 6.91593e+06 7.5 7.5 7.5 1 
677 681285 6.91602e+06 6.3 6.3 6.3 1 
678 681067 6.91624e+06 5.7 5.7 5.7 1 
679 680655 6.91605e+06 13.4 13.4 13.4 1 
680 681231 6.91554e+06 5.7 5.7 5.7 1 
681 680741 6.91554e+06 2.8 2.8 2.8 1 
682 682153 6.91458e+06 2.15 2.15 2.15 1 
683 681126 6.91499e+06 10 10 10 1 
684 680495 6.91488e+06 5.2 5.2 5.2 1 
685 680192 6.91454e+06 5 5 5 1 
686 680178 6.91409e+06 5.4 5.4 5.4 1 
687 681265 6.91368e+06 6.4 6.4 6.4 1 
688 681164 6.91359e+06 7.5 7.5 7.5 1 
689 681363 6.91341e+06 6 6 6 1 
690 681322 6.91334e+06 7 7 7 1 
691 681060 6.91314e+06 3.5 3.5 3.5 1 
692 681524 6.91242e+06 8.3 8.3 8.3 1 
693 680418 6.91297e+06 5 5 5 1 
694 680323 6.91356e+06 8.2 8.2 8.2 1 
695 679784 6.91249e+06 9.28 9.28 9.28 1 
696 679494 6.9125e+06 7.62 7.62 7.62 1 
697 679483 6.91246e+06 6.75 6.75 6.75 1 
698 678204 6.9126e+06 8.7 8.7 8.7 1 
699 677254 6.91257e+06 13.5 13.5 13.5 1 
700 677076 6.91284e+06 4.5 4.5 4.5 1 
701 677129 6.9121e+06 3.15 3.15 3.15 1 
702 677059 6.91209e+06 6.3 6.3 6.3 1 
703 677241 6.91346e+06 5.8 5.8 5.8 1 
704 677251 6.91348e+06 5.8 5.8 5.8 1 
705 677263 6.91366e+06 7.8 7.8 7.8 1 
706 677063 6.91365e+06 5.8 5.8 5.8 1 
707 676763 6.91371e+06 6 6 6 1 
708 675712 6.91243e+06 2.1 2.1 2.1 1 
709 675752 6.91367e+06 6.55 6.55 6.55 1 
710 675776 6.91413e+06 4 4 4 1 
711 674825 6.91399e+06 7.8 7.8 7.8 1 
712 674254 6.91271e+06 9 9 9 1 
713 673525 6.91407e+06 9.3 9.3 9.3 1 
714 673338 6.91323e+06 4.8 4.8 4.8 1 
715 673322 6.91253e+06 3.1 3.1 3.1 1 
716 673721 6.91238e+06 5.9 5.9 5.9 1 
717 672607 6.91321e+06 2.7 2.7 2.7 1 
718 672407 6.91204e+06 6.25 6.25 6.25 1 
719 671865 6.91188e+06 4.5 4.5 4.5 1 
720 671945 6.91188e+06 8.45 8.45 8.45 1 
721 671350 6.91242e+06 3.9 3.9 3.9 1 
722 671293 6.91158e+06 8.7 8.7 8.7 1 
723 670977 6.91207e+06 5.65 5.65 5.65 1 
724 670976 6.91202e+06 5.8 5.8 5.8 1 
725 671006 6.91203e+06 7.1 7.1 7.1 1 
726 670822 6.91275e+06 2 2 2 1 
727 670933 6.91163e+06 8.5 8.5 8.5 1 
728 670523 6.91165e+06 5.8 5.8 5.8 1 
729 670464 6.91173e+06 9.5 9.5 9.5 1 
730 670320 6.91128e+06 6.4 6.4 6.4 1 
731 669865 6.91189e+06 13 13 13 1 
732 669703 6.91166e+06 11 11 11 1 
733 669362 6.91165e+06 9 9 9 1 
734 669293 6.9117e+06 6.5 6.5 6.5 1 
735 669293 6.91174e+06 7.5 7.5 7.5 1 
736 669243 6.91176e+06 11 11 11 1 
737 669143 6.91175e+06 9.3 9.3 9.3 1 
738 669133 6.91174e+06 10.3 10.3 10.3 1 
739 669103 6.91169e+06 12 12 12 1 
740 669123 6.91176e+06 9.5 9.5 9.5 1 
741 669164 6.91178e+06 9.3 9.3 9.3 1 
742 669154 6.91178e+06 8.5 8.5 8.5 1 
743 669104 6.91179e+06 10.2 10.2 10.2 1 
744 669214 6.91182e+06 11 11 11 1 
745 669194 6.91179e+06 9 9 9 1 
746 669174 6.91183e+06 7 7 7 1 
747 669187 6.91185e+06 2.5 2.5 2.5 1 
748 669143 6.91166e+06 11.7 11.7 11.7 1 
749 669026 6.91204e+06 6.5 6.5 6.5 1 
750 667804 6.91205e+06 8.1 8.1 8.1 1 
751 667164 6.91192e+06 6 6 6 1 
752 667023 6.91182e+06 7.5 7.5 7.5 1 
753 667043 6.9118e+06 6.6 6.6 6.6 1 
754 664865 6.91102e+06 3.8 3.8 3.8 1 
755 663953 6.90966e+06 1.6 1.6 1.6 1 
756 663947 6.90947e+06 6 6 6 1 
757 664061 6.90932e+06 8.3 8.3 8.3 1 
758 663968 6.90903e+06 8.5 8.5 8.5 1 
759 664128 6.90904e+06 8.5 8.5 8.5 1 
760 664300 6.90926e+06 9.5 9.5 9.5 1 
761 669743 6.91285e+06 6.8 6.8 6.8 1 
762 669173 6.91289e+06 4.4 4.4 4.4 1 
763 669242 6.91275e+06 5.4 5.4 5.4 1 
764 669132 6.91273e+06 5.6 5.6 5.6 1 
765 669311 6.91263e+06 6.6 6.6 6.6 1 
766 669451 6.91259e+06 5.2 5.2 5.2 1 
767 669479 6.91243e+06 5.8 5.8 5.8 1 
768 669460 6.91248e+06 5.6 5.6 5.6 1 
769 669359 6.91242e+06 6.2 6.2 6.2 1 
770 669350 6.91249e+06 5.2 5.2 5.2 1 
771 669250 6.91248e+06 5.8 5.8 5.8 1 
772 669268 6.91234e+06 5.4 5.4 5.4 1 
773 668787 6.91226e+06 6.6 6.6 6.6 1 
774 668948 6.91234e+06 4.7 4.7 4.7 1 
775 668689 6.91244e+06 4.7 4.7 4.7 1 
776 668430 6.91258e+06 5 5 5 1 
777 668292 6.91279e+06 4.6 4.6 4.6 1 
778 667525 6.91256e+06 5.6 5.6 5.6 1 
779 669689 6.91126e+06 6 6 6 1 
780 668795 6.9108e+06 6 6 6 1 
781 668787 6.91099e+06 3.8 3.8 3.8 1 
782 668798 6.91121e+06 6 6 6 1 
783 667869 6.91146e+06 7.9 7.9 7.9 1 
784 667806 6.91112e+06 6 6 6 1 
785 667587 6.9111e+06 9 9 9 1 
786 667187 6.91113e+06 6 6 6 1 
787 667216 6.91096e+06 4.1 4.1 4.1 1 
788 666107 6.91e+06 4.2 4.2 4.2 1 
789 666037 6.91e+06 5.2 5.2 5.2 1 
790 665967 6.90999e+06 4.2 4.2 4.2 1 
791 665947 6.91005e+06 10 10 10 1 
792 665817 6.91001e+06 4.2 4.2 4.2 1 
793 665707 6.91003e+06 4.2 4.2 4.2 1 
794 665497 6.91001e+06 4.2 4.2 4.2 1 
795 665337 6.90998e+06 4.2 4.2 4.2 1 
796 665236 6.9099e+06 4.2 4.2 4.2 1 
797 665125 6.90981e+06 4.2 4.2 4.2 1 
798 665034 6.90968e+06 4.2 4.2 4.2 1 
799 664943 6.90958e+06 4.2 4.2 4.2 1 
800 664563 6.90955e+06 5.4 5.4 5.4 1 
801 664872 6.90947e+06 4.2 4.2 4.2 1 
802 664811 6.90933e+06 4.2 4.2 4.2 1 
803 664720 6.90921e+06 4.2 4.2 4.2 1 
804 664619 6.9091e+06 5.2 5.2 5.2 1 
805 664478 6.90902e+06 4.2 4.2 4.2 1 
806 664348 6.90896e+06 4.2 4.2 4.2 1 
807 664267 6.90893e+06 5 5 5 1 
808 663576 6.90961e+06 7.55 7.55 7.55 1 
809 663416 6.90977e+06 6.7 6.7 6.7 1 
810 663775 6.90907e+06 7.3 7.3 7.3 1 
811 662943 6.90921e+06 9.48 9.48 9.48 1 
812 662934 6.90884e+06 4.55 4.55 4.55 1 
813 662718 6.90895e+06 3.7 3.7 3.7 1 
814 662543 6.9091e+06 3 3 3 0 
815 662496 6.90906e+06 3 3 3 0 
816 662543 6.9091e+06 4.8 4.8 4.8 1 
817 662496 6.90906e+06 5 5 5 1 
818 662406 6.9091e+06 1.8 1.8 1.8 1 
819 662444 6.90903e+06 3 3 3 0 
820 662418 6.90904e+06 3.5 3.5 3.5 0 
821 662444 6.90903e+06 5.2 5.2 5.2 1 
822 662418 6.90904e+06 2.6 2.6 2.6 1 
823 662366 6.90912e+06 1.7 1.7 1.7 1 
824 662461 6.90913e+06 2.5 2.5 2.5 1 
825 662316 6.90914e+06 1.2 1.2 1.2 1 
826 662449 6.90921e+06 2.4 2.4 2.4 1 
827 662376 6.90928e+06 1.8 1.8 1.8 1 
828 663390 6.90813e+06 9 9 9 1 
829 663330 6.90815e+06 9.32 9.32 9.32 1 
830 663259 6.908e+06 11.5 11.5 11.5 1 
831 662640 6.9082e+06 6.6 6.6 6.6 1 
832 662947 6.90774e+06 7.1 7.1 7.1 1 
833 662468 6.90786e+06 5.45 5.45 5.45 1 
834 661740 6.90814e+06 5.5 5.5 5.5 1 
835 662301 6.90715e+06 11.5 11.5 11.5 1 
836 662281 6.90715e+06 9.5 9.5 9.5 1 
837 662302 6.90716e+06 11.5 11.5 11.5 1 
838 662352 6.90719e+06 9.9 9.9 9.9 1 
839 662562 6.90723e+06 9.5 9.5 9.5 1 
840 662503 6.90735e+06 13 13 13 1 
841 662601 6.90742e+06 8.5 8.5 8.5 1 
842 662563 6.9074e+06 7.2 7.2 7.2 1 
843 662579 6.90736e+06 6.41 6.41 6.41 1 
844 662619 6.90738e+06 4.4 4.4 4.4 1 
845 662602 6.9074e+06 6.85 6.85 6.85 1 
846 661183 6.9074e+06 5.85 5.85 5.85 1 
847 661679 6.90684e+06 11.9 11.9 11.9 1 
848 661609 6.9069e+06 10.8 10.8 10.8 1 
849 660461 6.90721e+06 12 12 12 1 
850 661149 6.90691e+06 7.8 7.8 7.8 1 
851 661237 6.90672e+06 9.4 9.4 9.4 1 
852 660858 6.90682e+06 8 8 8 1 
853 660957 6.90664e+06 10.57 10.57 10.57 1 
854 661397 6.90666e+06 10.6 10.6 10.6 1 
855 660075 6.90643e+06 4.7 4.7 4.7 1 
856 660045 6.90584e+06 7.81 7.81 7.81 1 
857 659801 6.90597e+06 9 9 9 1 
858 659835 6.9059e+06 7.6 7.6 7.6 1 
859 659933 6.90566e+06 8.4 8.4 8.4 0 
860 659933 6.90566e+06 9.3 9.3 9.3 1 
861 659998 6.9057e+06 11.5 11.5 11.5 1 
862 660033 6.90502e+06 6.5 6.5 6.5 1 
863 659471 6.90607e+06 6.6 6.6 6.6 1 
864 659670 6.90585e+06 8 8 8 1 
865 659484 6.90579e+06 7.5 7.5 7.5 1 
866 659400 6.90586e+06 7.8 7.8 7.8 1 
867 659338 6.90564e+06 5.5 5.5 5.5 1 
868 659368 6.90564e+06 5.45 5.45 5.45 1 
869 659059 6.90579e+06 7 7 7 1 
870 658666 6.90608e+06 6.6 6.6 6.6 1 
871 658600 6.90593e+06 8.5 8.5 8.5 1 
872 658817 6.90562e+06 5.9 5.9 5.9 1 
873 658867 6.90556e+06 5.5 5.5 5.5 1 
874 658907 6.9056e+06 4.7 4.7 4.7 1 
875 658987 6.90559e+06 9 9 9 1 
876 658997 6.90554e+06 6 6 6 1 
877 658966 6.90548e+06 5.2 5.2 5.2 1 
878 659046 6.90549e+06 5.3 5.3 5.3 1 
879 659006 6.90542e+06 5.7 5.7 5.7 1 
880 659136 6.90547e+06 5.7 5.7 5.7 1 
881 659135 6.90536e+06 3.9 3.9 3.9 1 
882 659206 6.90542e+06 6.7 6.7 6.7 1 
883 659235 6.90534e+06 6 6 6 1 
884 659286 6.9054e+06 5.7 5.7 5.7 1 
885 659294 6.9052e+06 6.5 6.5 6.5 1 
886 660066 6.90538e+06 7.3 7.3 7.3 1 
887 660035 6.90529e+06 6.35 6.35 6.35 1 
888 659964 6.9052e+06 9.55 9.55 9.55 1 
889 660153 6.90509e+06 5.72 5.72 5.72 1 
890 659992 6.90489e+06 7.68 7.68 7.68 1 
891 659551 6.90481e+06 7.95 7.95 7.95 1 
892 659044 6.90399e+06 7.9 7.9 7.9 1 
893 659461 6.90362e+06 10.5 10.5 10.5 1 
894 659445 6.9036e+06 9.1 9.1 9.1 1 
895 659421 6.90367e+06 9 9 9 1 
896 658968 6.90328e+06 11.5 11.5 11.5 1 
897 658878 6.90332e+06 5.65 5.65 5.65 1 
898 658843 6.90273e+06 8 8 8 1 
899 657762 6.90152e+06 5.6 5.6 5.6 1 
900 654728 6.89996e+06 8.25 8.25 8.25 1 
901 654698 6.89994e+06 7 7 7 1 
902 654113 6.89695e+06 6 6 6 1 
903 654191 6.8967e+06 5 5 5 1 
904 653214 6.89597e+06 6.4 6.4 6.4 1 
905 653144 6.89532e+06 8.7 8.7 8.7 1 
906 652562 6.89569e+06 3 3 3 1 
907 651815 6.89368e+06 9.6 9.6 9.6 0 
908 648468 6.89536e+06 8.7 8.7 8.7 1 
909 648287 6.89532e+06 7.3 7.3 7.3 1 
910 648022 6.89474e+06 7.8 7.8 7.8 1 
911 647822 6.89464e+06 11.9 11.9 11.9 1 
912 647970 6.8945e+06 11.5 11.5 11.5 1 
913 647665 6.89441e+06 7.5 7.5 7.5 1 
914 647566 6.89398e+06 8.45 8.45 8.45 1 
915 646998 6.8937e+06 12.35 12.35 12.35 1 
916 646748 6.89424e+06 11 11 11 1 
917 631283 6.87587e+06 6.8 6.8 6.8 1 
918 631586 6.87619e+06 6.1 6.1 6.1 1 
919 631686 6.87627e+06 5.22 5.22 5.22 1 
920 632122 6.87692e+06 10.6 10.6 10.6 1 
921 632022 6.87698e+06 12 12 12 1 
922 631863 6.87712e+06 15.5 15.5 15.5 1 
923 631801 6.87715e+06 14.9 14.9 14.9 1 
924 631814 6.87719e+06 15.9 15.9 15.9 1 
925 631854 6.87723e+06 14.95 14.95 14.95 1 
926 632205 6.87728e+06 8.91 8.91 8.91 1 
927 630804 6.8796e+06 13 13 13 1 
928 630864 6.87961e+06 13.25 13.25 13.25 1 
929 629646 6.88111e+06 12.3 12.3 12.3 1 
930 630390 6.88283e+06 11 11 11 1 
931 631225 6.88221e+06 7.2 7.2 7.2 1 
932 632794 6.88078e+06 4.2 4.2 4.2 1 
933 671749 6.91462e+06 3.1 3.1 3.1 1 
934 675249 6.91568e+06 9 9 9 1 
935 675197 6.91542e+06 8 8 8 1 
936 675284 6.915e+06 8.6 8.6 8.6 1 
937 675935 6.91517e+06 7.5 7.5 7.5 1 
938 676180 6.91574e+06 7.5 7.5 7.5 1 
939 676637 6.91532e+06 6.1 6.1 6.1 1 
940 677137 6.91532e+06 6 6 6 1 
941 677333 6.91477e+06 4 4 4 1 
942 677845 6.91498e+06 3.6 3.6 3.6 1 
943 677902 6.91464e+06 7 7 7 1 
944 677117 6.91416e+06 5.7 5.7 5.7 1 
945 673599 6.91454e+06 6 6 6 1 
946 676171 6.91462e+06 5 5 5 1 
947 678252 6.91354e+06 10.5 10.5 10.5 1 
948 678644 6.91491e+06 5.8 5.8 5.8 1 
949 680117 6.9151e+06 6 6 6 1 
950 679743 6.91473e+06 6.4 6.4 6.4 1 
951 727111 6.95104e+06 5.6 5.6 5.6 1 
952 726252 6.95126e+06 9 9 9 1 
953 726619 6.95136e+06 12 12 12 1 
954 727495 6.9514e+06 9.5 9.5 9.5 1 
955 726776 6.95157e+06 6 6 6 1 
956 726878 6.95171e+06 8.5 8.5 8.5 1 
957 726890 6.95177e+06 4.5 4.5 4.5 1 
958 726359 6.95196e+06 10.2 10.2 10.2 1 
959 725943 6.95172e+06 6 6 6 1 
960 725439 6.95203e+06 5 5 5 1 
961 725520 6.95215e+06 7.1 7.1 7.1 1 
962 727396 6.95174e+06 7.6 7.6 7.6 1 
963 727329 6.95191e+06 8.2 8.2 8.2 1 
964 727378 6.95208e+06 10.6 10.6 10.6 1 
965 726288 6.95336e+06 7.1 7.1 7.1 1 
966 726326 6.95345e+06 6.2 6.2 6.2 1 
967 726255 6.95354e+06 7.5 7.5 7.5 1 
968 727663 6.95339e+06 10.5 10.5 10.5 1 
969 726714 6.95469e+06 8.2 8.2 8.2 1 
970 728482 6.95432e+06 3 3 3 1 
971 728228 6.95455e+06 7 7 7 1 
972 727205 6.95589e+06 4.8 4.8 4.8 1 
973 727586 6.95598e+06 8 8 8 1 
974 726857 6.95609e+06 7.1 7.1 7.1 1 
975 727381 6.95768e+06 12 12 12 1 
976 727461 6.95833e+06 5 5 5 1 
977 727031 6.95993e+06 7.4 7.4 7.4 1 
978 726792 6.96e+06 8.05 8.05 8.05 1 
979 726993 6.96008e+06 7.6 7.6 7.6 1 
980 726734 6.96026e+06 7.5 7.5 7.5 1 
981 726915 6.96041e+06 7 7 7 1 
982 726796 6.96048e+06 7.7 7.7 7.7 1 
983 726758 6.9607e+06 8.1 8.1 8.1 1 
984 725867 6.96066e+06 2.5 2.5 2.5 1 
985 726389 6.96082e+06 5 5 5 1 
986 727190 6.96091e+06 4.9 4.9 4.9 1 
987 726861 6.96098e+06 8.1 8.1 8.1 1 
988 726783 6.96125e+06 9 9 9 1 
989 726374 6.96141e+06 7.4 7.4 7.4 1 
990 725976 6.96162e+06 6 6 6 1 
991 727636 6.96261e+06 6.5 6.5 6.5 1 
992 728009 6.96296e+06 7.6 7.6 7.6 1 
993 728810 6.96409e+06 7.82 7.82 7.82 1 
994 728103 6.96449e+06 9.8 9.8 9.8 1 
995 728987 6.96478e+06 7 7 7 1 
996 733209 6.96791e+06 7.15 7.15 7.15 1 
997 734331 6.96809e+06 5 5 5 1 
998 734287 6.96819e+06 3.6 3.6 3.6 1 
999 734463 6.96828e+06 2.5 2.5 2.5 1 
1000 733305 6.9694e+06 3.8 3.8 3.8 1 
1001 733311 6.9695e+06 2.5 2.5 2.5 1 
1002 733281 6.96957e+06 2 2 2 1 
1003 734918 6.97091e+06 5 5 5 1 
1004 734960 6.97099e+06 5 5 5 1 
1005 734579 6.97116e+06 11.5 11.5 11.5 1 
1006 735138 6.97203e+06 6.6 6.6 6.6 1 
1007 735366 6.97399e+06 12 12 12 1 
1008 736139 6.97424e+06 4.5 4.5 4.5 1 
1009 737617 6.97501e+06 4.9 4.9 4.9 1 
1010 739037 6.97591e+06 3.6 3.6 3.6 1 
1011 740558 6.97921e+06 4.5 4.5 4.5 1 
1012 741085 6.97982e+06 5.3 5.3 5.3 1 
1013 741305 6.98097e+06 5.8 5.8 5.8 1 
1014 741438 6.98124e+06 2.7 2.7 2.7 1 
1015 650406 6.89419e+06 10.5 10.5 10.5 1 
1016 650570 6.89417e+06 10 10 10 1 
1017 650729 6.89416e+06 13 13 13 1 
1018 651202 6.89385e+06 8 8 8 1 
1019 651239 6.89378e+06 10 10 10 1 
1020 652716 6.89321e+06 10 10 10 1 
1021 651815 6.89368e+06 8.9 8.9 8.9 1 
1022 648050 6.8956e+06 2.7 2.7 2.7 1 
1023 648078 6.89554e+06 4 4 4 1 
1024 648451 6.89489e+06 3 3 3 1 
1025 648514 6.89476e+06 3 3 3 1 
1026 631145 6.87608e+06 0 0 0 1 
1027 631200 6.8767e+06 0 0 0 1 
1028 631169 6.87701e+06 0 0 0 1 
1029 631186 6.87713e+06 0 0 0 1 
1030 631265 6.87738e+06 0 0 0 1 
1031 631292 6.87755e+06 0 0 0 1 
1032 631279 6.87824e+06 0 0 0 1 
1033 631252 6.87841e+06 0 0 0 1 
1034 631161 6.87871e+06 0 0 0 1 
1035 631011 6.87904e+06 0 0 0 1 
1036 630893 6.87935e+06 0 0 0 1 
1037 630791 6.8796e+06 0 0 0 1 
1038 630680 6.87979e+06 0 0 0 1 
1039 630572 6.88004e+06 0 0 0 1 
1040 630225 6.88036e+06 0 0 0 1 
1041 630048 6.88056e+06 0 0 0 1 
1042 629614 6.88089e+06 0 0 0 1 
1043 629381 6.88154e+06 0 0 0 1 
1044 629414 6.88196e+06 0 0 0 1 
1045 629460 6.88218e+06 0 0 0 1 
1046 629508 6.88227e+06 0 0 0 1 
1047 629652 6.8824e+06 0 0 0 1 
1048 629866 6.88256e+06 0 0 0 1 
1049 630054 6.88269e+06 0 0 0 1 
1050 630280 6.88282e+06 0 0 0 1 
1051 630496 6.88293e+06 0 0 0 1 
1052 630604 6.88294e+06 0 0 0 1 
1053 630748 6.88292e+06 0 0 0 1 
1054 630911 6.88285e+06 0 0 0 1 
1055 631009 6.88278e+06 0 0 0 1 
1056 631120 6.8826e+06 0 0 0 1 
1057 631149 6.88242e+06 0 0 0 1 
1058 631265 6.88204e+06 0 0 0 1 
1059 631459 6.88173e+06 0 0 0 1 
1060 631649 6.8816e+06 0 0 0 1 
1061 633244 6.8811e+06 0 0 0 1 
1062 633461 6.88153e+06 0 0 0 1 
1063 633684 6.88198e+06 0 0 0 1 
1064 633832 6.88244e+06 0 0 0 1 
1065 633909 6.88283e+06 0 0 0 1 
1066 635031 6.88326e+06 0 0 0 1 
1067 634889 6.88318e+06 0 0 0 1 
1068 634776 6.88311e+06 0 0 0 1 
1069 634681 6.88301e+06 0 0 0 1 
1070 634615 6.88285e+06 0 0 0 1 
1071 634565 6.8827e+06 0 0 0 1 
1072 634413 6.88204e+06 0 0 0 1 
1073 634347 6.88175e+06 0 0 0 1 
1074 634242 6.8815e+06 0 0 0 1 
1075 634089 6.88131e+06 0 0 0 1 
1076 633852 6.8811e+06 0 0 0 1 
1077 633765 6.88104e+06 0 0 0 1 
1078 633703 6.88097e+06 0 0 0 1 
1079 633631 6.88085e+06 0 0 0 1 
1080 633520 6.88064e+06 0 0 0 1 
1081 633444 6.88057e+06 0 0 0 1 
1082 633339 6.88048e+06 0 0 0 1 
1083 633248 6.88041e+06 0 0 0 1 
1084 633138 6.88034e+06 0 0 0 1 
1085 633069 6.88034e+06 0 0 0 1 
1086 632933 6.8803e+06 0 0 0 1 
1087 632799 6.88024e+06 0 0 0 1 
1088 632724 6.88024e+06 0 0 0 1 
1089 632546 6.88017e+06 0 0 0 1 
1090 632103 6.88029e+06 0 0 0 1 
1091 631686 6.8806e+06 0 0 0 1 
1092 631567 6.88078e+06 0 0 0 1 
1093 631421 6.88117e+06 0 0 0 1 
1094 631293 6.8813e+06 0 0 0 1 
1095 631112 6.88131e+06 0 0 0 1 
1096 631021 6.88127e+06 0 0 0 1 
1097 630961 6.88114e+06 0 0 0 1 
1098 630911 6.88098e+06 0 0 0 1 
1099 630856 6.88076e+06 0 0 0 1 
1100 630861 6.88063e+06 0 0 0 1 
1101 630945 6.88035e+06 0 0 0 1 
1102 631050 6.88017e+06 0 0 0 1 
1103 631174 6.88001e+06 0 0 0 1 
1104 631268 6.8799e+06 0 0 0 1 
1105 631355 6.87981e+06 0 0 0 1 
1106 631461 6.87971e+06 0 0 0 1 
1107 631641 6.87955e+06 0 0 0 1 
1108 631731 6.87943e+06 0 0 0 1 
1109 631810 6.8793e+06 0 0 0 1 
1110 631907 6.87915e+06 0 0 0 1 
1111 632059 6.87895e+06 0 0 0 1 
1112 632137 6.87882e+06 0 0 0 1 
1113 632192 6.87866e+06 0 0 0 1 
1114 632202 6.8786e+06 0 0 0 1 
1115 632195 6.87841e+06 0 0 0 1 
1116 632206 6.8782e+06 0 0 0 1 
1117 632205 6.87783e+06 0 0 0 1 
1118 632363 6.87691e+06 0 0 0 1 
1119 634821 6.88421e+06 0 0 0 1 
1120 635145 6.88461e+06 0 0 0 1 
1121 635452 6.88489e+06 0 0 0 1 
1122 636176 6.8855e+06 0 0 0 1 
1123 636392 6.88568e+06 0 0 0 1 
1124 636645 6.88573e+06 0 0 0 1 
1125 637013 6.88589e+06 0 0 0 1 
1126 637314 6.88594e+06 0 0 0 1 
1127 637956 6.88602e+06 0 0 0 1 
1128 638332 6.886e+06 0 0 0 1 
1129 638706 6.88591e+06 0 0 0 1 
1130 638837 6.88592e+06 0 0 0 1 
1131 639162 6.886e+06 0 0 0 1 
1132 639481 6.88608e+06 0 0 0 1 
1133 639565 6.88607e+06 0 0 0 1 
1134 639836 6.8861e+06 0 0 0 1 
1135 640104 6.88618e+06 0 0 0 1 
1136 640403 6.88632e+06 0 0 0 1 
1137 640674 6.88652e+06 0 0 0 1 
1138 640835 6.88661e+06 0 0 0 1 
1139 640997 6.88681e+06 0 0 0 1 
1140 641246 6.88713e+06 0 0 0 1 
1141 641283 6.88724e+06 0 0 0 1 
1142 641298 6.88753e+06 0 0 0 1 
1143 641359 6.8878e+06 0 0 0 1 
1144 641401 6.88805e+06 0 0 0 1 
1145 642109 6.88766e+06 0 0 0 1 
1146 642102 6.88753e+06 0 0 0 1 
1147 642038 6.88719e+06 0 0 0 1 
1148 641967 6.88692e+06 0 0 0 1 
1149 641925 6.88682e+06 0 0 0 1 
1150 641869 6.88659e+06 0 0 0 1 
1151 641824 6.88652e+06 0 0 0 1 
1152 641716 6.88641e+06 0 0 0 1 
1153 641617 6.88618e+06 0 0 0 1 
1154 641321 6.88594e+06 0 0 0 1 
1155 641244 6.88584e+06 0 0 0 1 
1156 641155 6.88568e+06 0 0 0 1 
1157 641018 6.88562e+06 0 0 0 1 
1158 640617 6.88541e+06 0 0 0 1 
1159 640360 6.88526e+06 0 0 0 1 
1160 640208 6.88522e+06 0 0 0 1 
1161 640038 6.88523e+06 0 0 0 1 
1162 639529 6.88525e+06 0 0 0 1 
1163 639196 6.88521e+06 0 0 0 1 
1164 638759 6.88527e+06 0 0 0 1 
1165 638613 6.88526e+06 0 0 0 1 
1166 638349 6.88528e+06 0 0 0 1 
1167 637993 6.88526e+06 0 0 0 1 
1168 637660 6.88517e+06 0 0 0 1 
1169 637326 6.88516e+06 0 0 0 1 
1170 637155 6.88515e+06 0 0 0 1 
1171 637042 6.88513e+06 0 0 0 1 
1172 636903 6.88507e+06 0 0 0 1 
1173 636665 6.88495e+06 0 0 0 1 
1174 636527 6.8849e+06 0 0 0 1 
1175 636436 6.88483e+06 0 0 0 1 
1176 636247 6.88466e+06 0 0 0 1 
1177 636008 6.88442e+06 0 0 0 1 
1178 635878 6.8843e+06 0 0 0 1 
1179 635716 6.88418e+06 0 0 0 1 
1180 635589 6.88399e+06 0 0 0 1 
1181 635556 6.88389e+06 0 0 0 1 
1182 657261 6.89463e+06 0 0 0 1 
1183 656415 6.8946e+06 0 0 0 1 
1184 656269 6.89452e+06 0 0 0 1 
1185 656144 6.89449e+06 0 0 0 1 
1186 655958 6.89437e+06 0 0 0 1 
1187 655546 6.89413e+06 0 0 0 1 
1188 654713 6.89386e+06 0 0 0 1 
1189 654037 6.89383e+06 0 0 0 1 
1190 653977 6.89381e+06 0 0 0 1 
1191 653811 6.89378e+06 0 0 0 1 
1192 653706 6.89373e+06 0 0 0 1 
1193 653570 6.89365e+06 0 0 0 1 
1194 653504 6.89359e+06 0 0 0 1 
1195 653439 6.89351e+06 0 0 0 1 
1196 653388 6.89342e+06 0 0 0 1 
1197 653349 6.89339e+06 0 0 0 1 
1198 653283 6.89336e+06 0 0 0 1 
1199 653214 6.89335e+06 0 0 0 1 
1200 653120 6.89333e+06 0 0 0 1 
1201 653049 6.8933e+06 0 0 0 1 
1202 652925 6.89326e+06 0 0 0 1 
1203 652844 6.89324e+06 0 0 0 1 
1204 652777 6.89325e+06 0 0 0 1 
1205 652686 6.89325e+06 0 0 0 1 
1206 652424 6.89319e+06 0 0 0 1 
1207 652345 6.8932e+06 0 0 0 1 
1208 652291 6.89321e+06 0 0 0 1 
1209 652181 6.89326e+06 0 0 0 1 
1210 652108 6.89328e+06 0 0 0 1 
1211 651995 6.89331e+06 0 0 0 1 
1212 651902 6.89333e+06 0 0 0 1 
1213 651828 6.89336e+06 0 0 0 1 
1214 651773 6.89341e+06 0 0 0 1 
1215 651656 6.89345e+06 0 0 0 1 
1216 651528 6.89349e+06 0 0 0 1 
1217 651416 6.8935e+06 0 0 0 1 
1218 651285 6.89351e+06 0 0 0 1 
1219 651266 6.89357e+06 0 0 0 1 
1220 651236 6.89362e+06 0 0 0 1 
1221 651183 6.89367e+06 0 0 0 1 
1222 651102 6.89372e+06 0 0 0 1 
1223 651004 6.89379e+06 0 0 0 1 
1224 650909 6.89383e+06 0 0 0 1 
1225 650782 6.89397e+06 0 0 0 1 
1226 650690 6.8941e+06 0 0 0 1 
1227 650626 6.89416e+06 0 0 0 1 
1228 650527 6.89421e+06 0 0 0 1 
1229 650367 6.89429e+06 0 0 0 1 
1230 650277 6.89433e+06 0 0 0 1 
1231 650197 6.89435e+06 0 0 0 1 
1232 650062 6.89436e+06 0 0 0 1 
1233 649887 6.89437e+06 0 0 0 1 
1234 649717 6.89441e+06 0 0 0 1 
1235 649603 6.89448e+06 0 0 0 1 
1236 649498 6.89451e+06 0 0 0 1 
1237 649378 6.89453e+06 0 0 0 1 
1238 649201 6.89453e+06 0 0 0 1 
1239 649088 6.89453e+06 0 0 0 1 
1240 648872 6.89449e+06 0 0 0 1 
1241 648822 6.89449e+06 0 0 0 1 
1242 648652 6.89454e+06 0 0 0 1 
1243 648592 6.89455e+06 0 0 0 1 
1244 648430 6.8945e+06 0 0 0 1 
1245 648319 6.89447e+06 0 0 0 1 
1246 648141 6.8944e+06 0 0 0 1 
1247 648006 6.89431e+06 0 0 0 1 
1248 647981 6.89427e+06 0 0 0 1 
1249 647839 6.89415e+06 0 0 0 1 
1250 647668 6.89405e+06 0 0 0 1 
1251 647538 6.89399e+06 0 0 0 1 
1252 647436 6.89391e+06 0 0 0 1 
1253 647138 6.89366e+06 0 0 0 1 
1254 647024 6.89342e+06 0 0 0 1 
1255 646962 6.89337e+06 0 0 0 1 
1256 646867 6.89331e+06 0 0 0 1 
1257 646807 6.89317e+06 0 0 0 1 
1258 645876 6.89178e+06 0 0 0 1 
1259 645800 6.89175e+06 0 0 0 1 
1260 645664 6.8916e+06 0 0 0 1 
1261 645654 6.89147e+06 0 0 0 1 
1262 645618 6.89142e+06 0 0 0 1 
1263 644743 6.8912e+06 0 0 0 1 
1264 644650 6.89113e+06 0 0 0 1 
1265 644480 6.89107e+06 0 0 0 1 
1266 644315 6.89105e+06 0 0 0 1 
1267 644163 6.891e+06 0 0 0 1 
1268 644020 6.89083e+06 0 0 0 1 
1269 643821 6.89052e+06 0 0 0 1 
1270 643761 6.89048e+06 0 0 0 1 
1271 643531 6.89036e+06 0 0 0 1 
1272 643366 6.89021e+06 0 0 0 1 
1273 643270 6.89005e+06 0 0 0 1 
1274 643080 6.8898e+06 0 0 0 1 
1275 643000 6.88965e+06 0 0 0 1 
1276 642973 6.88948e+06 0 0 0 1 
1277 642931 6.88939e+06 0 0 0 1 
1278 642867 6.88933e+06 0 0 0 1 
1279 642784 6.88919e+06 0 0 0 1 
1280 642705 6.88897e+06 0 0 0 1 
1281 642489 6.88857e+06 0 0 0 1 
1282 642318 6.88827e+06 0 0 0 1 
1283 642251 6.88807e+06 0 0 0 1 
1284 641529 6.8886e+06 0 0 0 1 
1285 641621 6.88866e+06 0 0 0 1 
1286 641693 6.88886e+06 0 0 0 1 
1287 641781 6.88937e+06 0 0 0 1 
1288 641844 6.88956e+06 0 0 0 1 
1289 641990 6.89002e+06 0 0 0 1 
1290 642180 6.89035e+06 0 0 0 1 
1291 642241 6.89062e+06 0 0 0 1 
1292 642312 6.8908e+06 0 0 0 1 
1293 642372 6.89103e+06 0 0 0 1 
1294 642389 6.89137e+06 0 0 0 1 
1295 642487 6.89183e+06 0 0 0 1 
1296 642582 6.89205e+06 0 0 0 1 
1297 642688 6.89214e+06 0 0 0 1 
1298 643186 6.89243e+06 0 0 0 1 
1299 643461 6.89277e+06 0 0 0 1 
1300 643660 6.89287e+06 0 0 0 1 
1301 643998 6.89299e+06 0 0 0 1 
1302 644371 6.8934e+06 0 0 0 1 
1303 644472 6.89347e+06 0 0 0 1 
1304 644738 6.89367e+06 0 0 0 1 
1305 644944 6.89386e+06 0 0 0 1 
1306 646761 6.89557e+06 0 0 0 1 
1307 647163 6.89559e+06 0 0 0 1 
1308 647304 6.89564e+06 0 0 0 1 
1309 648453 6.89602e+06 0 0 0 1 
1310 648603 6.89604e+06 0 0 0 1 
1311 649014 6.89615e+06 0 0 0 1 
1312 649279 6.89612e+06 0 0 0 1 
1313 649594 6.89603e+06 0 0 0 1 
1314 649794 6.89599e+06 0 0 0 1 
1315 650099 6.89602e+06 0 0 0 1 
1316 650505 6.89608e+06 0 0 0 1 
1317 651016 6.89618e+06 0 0 0 1 
1318 651452 6.89617e+06 0 0 0 1 
1319 651601 6.89614e+06 0 0 0 1 
1320 651876 6.89607e+06 0 0 0 1 
1321 652286 6.89593e+06 0 0 0 1 
1322 652431 6.8959e+06 0 0 0 1 
1323 652701 6.89589e+06 0 0 0 1 
1324 652906 6.89594e+06 0 0 0 1 
1325 652987 6.89598e+06 0 0 0 1 
1326 653087 6.89606e+06 0 0 0 1 
1327 653209 6.89622e+06 0 0 0 1 
1328 653315 6.89638e+06 0 0 0 1 
1329 653416 6.89648e+06 0 0 0 1 
1330 653473 6.89661e+06 0 0 0 1 
1331 653519 6.89687e+06 0 0 0 1 
1332 653632 6.89734e+06 0 0 0 1 
1333 653686 6.8981e+06 0 0 0 1 
1334 653727 6.89865e+06 0 0 0 1 
1335 653693 6.89879e+06 0 0 0 1 
1336 653694 6.89893e+06 0 0 0 1 
1337 653731 6.89918e+06 0 0 0 1 
1338 653748 6.89955e+06 0 0 0 1 
1339 653775 6.90014e+06 0 0 0 1 
1340 653719 6.9003e+06 0 0 0 1 
1341 653711 6.90068e+06 0 0 0 1 
1342 653778 6.9009e+06 0 0 0 1 
1343 653913 6.90117e+06 0 0 0 1 
1344 654072 6.90136e+06 0 0 0 1 
1345 654147 6.90141e+06 0 0 0 1 
1346 656848 6.90187e+06 0 0 0 1 
1347 656953 6.90189e+06 0 0 0 1 
1348 657064 6.90195e+06 0 0 0 1 
1349 657149 6.90198e+06 0 0 0 1 
1350 657299 6.902e+06 0 0 0 1 
1351 657470 6.902e+06 0 0 0 1 
1352 657640 6.90202e+06 0 0 0 1 
1353 657876 6.9021e+06 0 0 0 1 
1354 658102 6.90225e+06 0 0 0 1 
1355 658503 6.90304e+06 0 0 0 1 
1356 659035 6.9043e+06 0 0 0 1 
1357 659221 6.90468e+06 0 0 0 1 
1358 659248 6.90497e+06 0 0 0 1 
1359 659189 6.90513e+06 0 0 0 1 
1360 659025 6.90531e+06 0 0 0 1 
1361 658766 6.9055e+06 0 0 0 1 
1362 658636 6.90556e+06 0 0 0 1 
1363 658482 6.9057e+06 0 0 0 1 
1364 658453 6.90578e+06 0 0 0 1 
1365 658309 6.90593e+06 0 0 0 1 
1366 658204 6.90595e+06 0 0 0 1 
1367 657791 6.90586e+06 0 0 0 1 
1368 657467 6.90582e+06 0 0 0 1 
1369 657682 6.90646e+06 0 0 0 1 
1370 657927 6.90654e+06 0 0 0 1 
1371 658178 6.90657e+06 0 0 0 1 
1372 658403 6.90645e+06 0 0 0 1 
1373 658483 6.90647e+06 0 0 0 1 
1374 658668 6.90649e+06 0 0 0 1 
1375 658858 6.90645e+06 0 0 0 1 
1376 659408 6.90631e+06 0 0 0 1 
1377 659518 6.90633e+06 0 0 0 1 
1378 659684 6.90642e+06 0 0 0 1 
1379 659739 6.90649e+06 0 0 0 1 
1380 659770 6.90658e+06 0 0 0 1 
1381 659882 6.90678e+06 0 0 0 1 
1382 660008 6.90695e+06 0 0 0 1 
1383 660145 6.90726e+06 0 0 0 1 
1384 660289 6.90745e+06 0 0 0 1 
1385 660483 6.90759e+06 0 0 0 1 
1386 660714 6.90765e+06 0 0 0 1 
1387 660795 6.90775e+06 0 0 0 1 
1388 660901 6.90793e+06 0 0 0 1 
1389 661046 6.90806e+06 0 0 0 1 
1390 661187 6.90812e+06 0 0 0 1 
1391 661463 6.90813e+06 0 0 0 1 
1392 661603 6.90817e+06 0 0 0 1 
1393 661690 6.90839e+06 0 0 0 1 
1394 661801 6.90847e+06 0 0 0 1 
1395 661931 6.90851e+06 0 0 0 1 
1396 662027 6.90868e+06 0 0 0 1 
1397 661949 6.90886e+06 0 0 0 1 
1398 661777 6.90906e+06 0 0 0 1 
1399 661418 6.90934e+06 0 0 0 1 
1400 661063 6.90958e+06 0 0 0 1 
1401 660783 6.90967e+06 0 0 0 1 
1402 660598 6.90966e+06 0 0 0 1 
1403 660433 6.90969e+06 0 0 0 1 
1404 660214 6.9099e+06 0 0 0 1 
1405 660031 6.91008e+06 0 0 0 1 
1406 659876 6.91018e+06 0 0 0 1 
1407 659982 6.91026e+06 0 0 0 1 
1408 660240 6.91059e+06 0 0 0 1 
1409 660404 6.91054e+06 0 0 0 1 
1410 660784 6.91051e+06 0 0 0 1 
1411 660949 6.91042e+06 0 0 0 1 
1412 661103 6.91028e+06 0 0 0 1 
1413 661761 6.90986e+06 0 0 0 1 
1414 661826 6.90984e+06 0 0 0 1 
1415 662911 6.90976e+06 0 0 0 1 
1416 663082 6.90982e+06 0 0 0 1 
1417 663388 6.90999e+06 0 0 0 1 
1418 663892 6.91041e+06 0 0 0 1 
1419 664231 6.91064e+06 0 0 0 1 
1420 664556 6.91086e+06 0 0 0 1 
1421 664807 6.91109e+06 0 0 0 1 
1422 665013 6.91135e+06 0 0 0 1 
1423 665554 6.9114e+06 0 0 0 1 
1424 665924 6.91146e+06 0 0 0 1 
1425 666513 6.9117e+06 0 0 0 1 
1426 666855 6.91196e+06 0 0 0 1 
1427 667095 6.91231e+06 0 0 0 1 
1428 667132 6.91309e+06 0 0 0 1 
1429 667838 6.91357e+06 0 0 0 1 
1430 667965 6.91361e+06 0 0 0 1 
1431 668159 6.91375e+06 0 0 0 1 
1432 668337 6.9139e+06 0 0 0 1 
1433 668492 6.91391e+06 0 0 0 1 
1434 668730 6.91396e+06 0 0 0 1 
1435 668966 6.91416e+06 0 0 0 1 
1436 669126 6.91424e+06 0 0 0 1 
1437 669275 6.91422e+06 0 0 0 1 
1438 669344 6.91406e+06 0 0 0 1 
1439 669199 6.91394e+06 0 0 0 1 
1440 669095 6.91381e+06 0 0 0 1 
1441 669110 6.91358e+06 0 0 0 1 
1442 669179 6.91348e+06 0 0 0 1 
1443 669404 6.91335e+06 0 0 0 1 
1444 669528 6.91331e+06 0 0 0 1 
1445 669684 6.9133e+06 0 0 0 1 
1446 669949 6.91336e+06 0 0 0 1 
1447 670190 6.9135e+06 0 0 0 1 
1448 670161 6.91371e+06 0 0 0 1 
1449 670203 6.91377e+06 0 0 0 1 
1450 670312 6.91386e+06 0 0 0 1 
1451 670468 6.91395e+06 0 0 0 1 
1452 670649 6.91406e+06 0 0 0 1 
1453 670753 6.91409e+06 0 0 0 1 
1454 670939 6.9141e+06 0 0 0 1 
1455 671043 6.91433e+06 0 0 0 1 
1456 671016 6.91452e+06 0 0 0 1 
1457 671129 6.91479e+06 0 0 0 1 
1458 682709 6.91205e+06 0 0 0 1 
1459 682583 6.91207e+06 0 0 0 1 
1460 682207 6.91199e+06 0 0 0 1 
1461 681971 6.91204e+06 0 0 0 1 
1462 681594 6.91194e+06 0 0 0 1 
1463 681128 6.91191e+06 0 0 0 1 
1464 680617 6.91195e+06 0 0 0 1 
1465 680285 6.91205e+06 0 0 0 1 
1466 679723 6.91221e+06 0 0 0 1 
1467 679569 6.91224e+06 0 0 0 1 
1468 679234 6.91225e+06 0 0 0 1 
1469 679085 6.91215e+06 0 0 0 1 
1470 678852 6.91212e+06 0 0 0 1 
1471 678675 6.91217e+06 0 0 0 1 
1472 678462 6.91227e+06 0 0 0 1 
1473 678322 6.9123e+06 0 0 0 1 
1474 678128 6.91226e+06 0 0 0 1 
1475 677968 6.91225e+06 0 0 0 1 
1476 677789 6.91229e+06 0 0 0 1 
1477 677693 6.9123e+06 0 0 0 1 
1478 677609 6.91228e+06 0 0 0 1 
1479 677153 6.91196e+06 0 0 0 1 
1480 677099 6.91186e+06 0 0 0 1 
1481 677068 6.91184e+06 0 0 0 1 
1482 677017 6.91184e+06 0 0 0 1 
1483 676959 6.91186e+06 0 0 0 1 
1484 676832 6.91191e+06 0 0 0 1 
1485 676550 6.91207e+06 0 0 0 1 
1486 676247 6.91215e+06 0 0 0 1 
1487 675881 6.91208e+06 0 0 0 1 
1488 675313 6.91181e+06 0 0 0 1 
1489 674846 6.91146e+06 0 0 0 1 
1490 674613 6.91147e+06 0 0 0 1 
1491 674453 6.91148e+06 0 0 0 1 
1492 674262 6.91159e+06 0 0 0 1 
1493 673965 6.91159e+06 0 0 0 1 
1494 673766 6.91175e+06 0 0 0 1 
1495 673440 6.91177e+06 0 0 0 1 
1496 673002 6.9116e+06 0 0 0 1 
1497 672777 6.91166e+06 0 0 0 1 
1498 672494 6.91162e+06 0 0 0 1 
1499 672210 6.9116e+06 0 0 0 1 
1500 671937 6.91153e+06 0 0 0 1 
1501 671761 6.91157e+06 0 0 0 1 
1502 671528 6.91161e+06 0 0 0 1 
1503 671218 6.91141e+06 0 0 0 1 
1504 670442 6.91115e+06 0 0 0 1 
1505 670338 6.91117e+06 0 0 0 1 
1506 669878 6.91116e+06 0 0 0 1 
1507 669562 6.91089e+06 0 0 0 1 
1508 668753 6.91077e+06 0 0 0 1 
1509 668456 6.91082e+06 0 0 0 1 
1510 668265 6.91092e+06 0 0 0 1 
1511 668106 6.91096e+06 0 0 0 1 
1512 667825 6.91091e+06 0 0 0 1 
1513 667665 6.91093e+06 0 0 0 1 
1514 667437 6.91095e+06 0 0 0 1 
1515 667052 6.91083e+06 0 0 0 1 
1516 666534 6.91054e+06 0 0 0 1 
1517 666416 6.91044e+06 0 0 0 1 
1518 666312 6.91033e+06 0 0 0 1 
1519 666269 6.91024e+06 0 0 0 1 
1520 666291 6.91016e+06 0 0 0 1 
1521 666347 6.91007e+06 0 0 0 1 
1522 666341 6.91004e+06 0 0 0 1 
1523 666274 6.91002e+06 0 0 0 1 
1524 666217 6.91003e+06 0 0 0 1 
1525 666137 6.91004e+06 0 0 0 1 
1526 666038 6.91004e+06 0 0 0 1 
1527 665946 6.91003e+06 0 0 0 1 
1528 665811 6.90998e+06 0 0 0 1 
1529 665656 6.9099e+06 0 0 0 1 
1530 665400 6.90969e+06 0 0 0 1 
1531 665284 6.90961e+06 0 0 0 1 
1532 665248 6.90956e+06 0 0 0 1 
1533 665228 6.90951e+06 0 0 0 1 
1534 665101 6.9094e+06 0 0 0 1 
1535 665050 6.90929e+06 0 0 0 1 
1536 664831 6.90905e+06 0 0 0 1 
1537 664793 6.90907e+06 0 0 0 1 
1538 664748 6.90909e+06 0 0 0 1 
1539 664683 6.90908e+06 0 0 0 1 
1540 664614 6.90903e+06 0 0 0 1 
1541 664549 6.90899e+06 0 0 0 1 
1542 664487 6.90896e+06 0 0 0 1 
1543 664446 6.90894e+06 0 0 0 1 
1544 664396 6.90892e+06 0 0 0 1 
1545 664371 6.90892e+06 0 0 0 1 
1546 664286 6.90895e+06 0 0 0 1 
1547 664236 6.90896e+06 0 0 0 1 
1548 664181 6.90894e+06 0 0 0 1 
1549 664122 6.9089e+06 0 0 0 1 
1550 664035 6.90885e+06 0 0 0 1 
1551 663973 6.90882e+06 0 0 0 1 
1552 663739 6.90871e+06 0 0 0 1 
1553 663679 6.90868e+06 0 0 0 1 
1554 663535 6.90856e+06 0 0 0 1 
1555 663487 6.90851e+06 0 0 0 1 
1556 663452 6.90843e+06 0 0 0 1 
1557 663442 6.90839e+06 0 0 0 1 
1558 663441 6.90827e+06 0 0 0 1 
1559 663450 6.9082e+06 0 0 0 1 
1560 663435 6.90811e+06 0 0 0 1 
1561 663409 6.90804e+06 0 0 0 1 
1562 663343 6.90794e+06 0 0 0 1 
1563 663257 6.90785e+06 0 0 0 1 
1564 663152 6.90776e+06 0 0 0 1 
1565 663051 6.90763e+06 0 0 0 1 
1566 662960 6.9075e+06 0 0 0 1 
1567 662840 6.90739e+06 0 0 0 1 
1568 662713 6.9073e+06 0 0 0 1 
1569 662623 6.90725e+06 0 0 0 1 
1570 662512 6.90721e+06 0 0 0 1 
1571 662256 6.90713e+06 0 0 0 1 
1572 662136 6.90712e+06 0 0 0 1 
1573 662061 6.9071e+06 0 0 0 1 
1574 661996 6.90707e+06 0 0 0 1 
1575 661814 6.90691e+06 0 0 0 1 
1576 661709 6.90684e+06 0 0 0 1 
1577 661558 6.90678e+06 0 0 0 1 
1578 661413 6.90674e+06 0 0 0 1 
1579 660990 6.90641e+06 0 0 0 1 
1580 660874 6.90634e+06 0 0 0 1 
1581 660809 6.90628e+06 0 0 0 1 
1582 660748 6.90619e+06 0 0 0 1 
1583 660667 6.90609e+06 0 0 0 1 
1584 660561 6.90592e+06 0 0 0 1 
1585 660455 6.90578e+06 0 0 0 1 
1586 660399 6.90566e+06 0 0 0 1 
1587 660332 6.90536e+06 0 0 0 1 
1588 660321 6.90526e+06 0 0 0 1 
1589 660326 6.90522e+06 0 0 0 1 
1590 660380 6.90515e+06 0 0 0 1 
1591 660365 6.9051e+06 0 0 0 1 
1592 660274 6.90497e+06 0 0 0 1 
1593 660228 6.90489e+06 0 0 0 1 
1594 660026 6.90465e+06 0 0 0 1 
1595 659986 6.90457e+06 0 0 0 1 
1596 659955 6.90449e+06 0 0 0 1 
1597 659949 6.90435e+06 0 0 0 1 
1598 659923 6.90429e+06 0 0 0 1 
1599 659898 6.90427e+06 0 0 0 1 
1600 659793 6.90425e+06 0 0 0 1 
1601 659753 6.90421e+06 0 0 0 1 
1602 659722 6.90413e+06 0 0 0 1 
1603 659722 6.90409e+06 0 0 0 1 
1604 659746 6.90401e+06 0 0 0 1 
1605 659726 6.90394e+06 0 0 0 1 
1606 659472 6.90352e+06 0 0 0 1 
1607 659422 6.90342e+06 0 0 0 1 
1608 659421 6.9034e+06 0 0 0 1 
1609 659401 6.90331e+06 0 0 0 1 
1610 659401 6.90328e+06 0 0 0 1 
1611 659380 6.90319e+06 0 0 0 1 
1612 659339 6.90311e+06 0 0 0 1 
1613 659147 6.90285e+06 0 0 0 1 
1614 659031 6.90264e+06 0 0 0 1 
1615 658848 6.90225e+06 0 0 0 1 
1616 658731 6.90205e+06 0 0 0 1 
1617 658544 6.90176e+06 0 0 0 1 
1618 658518 6.90171e+06 0 0 0 1 
1619 658439 6.90157e+06 0 0 0 1 
1620 658351 6.90145e+06 0 0 0 1 
1621 658240 6.90128e+06 0 0 0 1 
1622 658129 6.90115e+06 0 0 0 1 
1623 658003 6.90104e+06 0 0 0 1 
1624 657961 6.90101e+06 0 0 0 1 
1625 657857 6.90095e+06 0 0 0 1 
1626 657767 6.90091e+06 0 0 0 1 
1627 657637 6.90085e+06 0 0 0 1 
1628 657491 6.90081e+06 0 0 0 1 
1629 657446 6.9008e+06 0 0 0 1 
1630 657356 6.90077e+06 0 0 0 1 
1631 657155 6.9007e+06 0 0 0 1 
1632 656979 6.90065e+06 0 0 0 1 
1633 656924 6.90064e+06 0 0 0 1 
1634 656673 6.90058e+06 0 0 0 1 
1635 656548 6.90053e+06 0 0 0 1 
1636 656498 6.90048e+06 0 0 0 1 
1637 656482 6.90041e+06 0 0 0 1 
1638 656501 6.90031e+06 0 0 0 1 
1639 656531 6.90022e+06 0 0 0 1 
1640 656570 6.90015e+06 0 0 0 1 
1641 656625 6.90007e+06 0 0 0 1 
1642 656679 6.90003e+06 0 0 0 1 
1643 656814 6.9e+06 0 0 0 1 
1644 656889 6.89999e+06 0 0 0 1 
1645 656964 6.89998e+06 0 0 0 1 
1646 657014 6.89995e+06 0 0 0 1 
1647 657044 6.8999e+06 0 0 0 1 
1648 657103 6.89974e+06 0 0 0 1 
1649 657138 6.89971e+06 0 0 0 1 
1650 657158 6.89971e+06 0 0 0 1 
1651 657213 6.89979e+06 0 0 0 1 
1652 657258 6.89981e+06 0 0 0 1 
1653 657313 6.8998e+06 0 0 0 1 
1654 657408 6.89977e+06 0 0 0 1 
1655 657443 6.89977e+06 0 0 0 1 
1656 657479 6.89979e+06 0 0 0 1 
1657 657538 6.89989e+06 0 0 0 1 
1658 657615 6.90003e+06 0 0 0 1 
1659 657616 6.90005e+06 0 0 0 1 
1660 657777 6.90022e+06 0 0 0 1 
1661 657883 6.90029e+06 0 0 0 1 
1662 658003 6.90034e+06 0 0 0 1 
1663 658068 6.90035e+06 0 0 0 1 
1664 658158 6.90033e+06 0 0 0 1 
1665 658166 6.90003e+06 0 0 0 1 
1666 658137 6.90002e+06 0 0 0 1 
1667 658117 6.90002e+06 0 0 0 1 
1668 658020 6.89992e+06 0 0 0 1 
1669 657955 6.89987e+06 0 0 0 1 
1670 657904 6.89979e+06 0 0 0 1 
1671 657899 6.89975e+06 0 0 0 1 
1672 657903 6.89971e+06 0 0 0 1 
1673 657928 6.89962e+06 0 0 0 1 
1674 657937 6.89954e+06 0 0 0 1 
1675 657936 6.89943e+06 0 0 0 1 
1676 657916 6.89935e+06 0 0 0 1 
1677 657916 6.89934e+06 0 0 0 1 
1678 657850 6.89924e+06 0 0 0 1 
1679 657805 6.8992e+06 0 0 0 1 
1680 657744 6.89918e+06 0 0 0 1 
1681 657679 6.89918e+06 0 0 0 1 
1682 657629 6.8992e+06 0 0 0 1 
1683 657553 6.89925e+06 0 0 0 1 
1684 657435 6.89931e+06 0 0 0 1 
1685 657370 6.89932e+06 0 0 0 1 
1686 657280 6.89932e+06 0 0 0 1 
1687 657210 6.89932e+06 0 0 0 1 
1688 657009 6.89929e+06 0 0 0 1 
1689 656949 6.89926e+06 0 0 0 1 
1690 656924 6.89923e+06 0 0 0 1 
1691 656919 6.89919e+06 0 0 0 1 
1692 656938 6.89914e+06 0 0 0 1 
1693 656983 6.89909e+06 0 0 0 1 
1694 657043 6.89907e+06 0 0 0 1 
1695 657088 6.89906e+06 0 0 0 1 
1696 657113 6.89906e+06 0 0 0 1 
1697 657243 6.89904e+06 0 0 0 1 
1698 657328 6.89902e+06 0 0 0 1 
1699 657367 6.89897e+06 0 0 0 1 
1700 657372 6.89893e+06 0 0 0 1 
1701 657362 6.89886e+06 0 0 0 1 
1702 657331 6.89879e+06 0 0 0 1 
1703 657276 6.89872e+06 0 0 0 1 
1704 657195 6.89868e+06 0 0 0 1 
1705 657145 6.89867e+06 0 0 0 1 
1706 657065 6.89867e+06 0 0 0 1 
1707 656985 6.89869e+06 0 0 0 1 
1708 656846 6.89877e+06 0 0 0 1 
1709 656740 6.89878e+06 0 0 0 1 
1710 656270 6.899e+06 0 0 0 1 
1711 655913 6.89922e+06 0 0 0 1 
1712 655668 6.89932e+06 0 0 0 1 
1713 655478 6.89935e+06 0 0 0 1 
1714 655303 6.89928e+06 0 0 0 1 
1715 655045 6.89899e+06 0 0 0 1 
1716 654813 6.89873e+06 0 0 0 1 
1717 654645 6.89856e+06 0 0 0 1 
1718 654533 6.89844e+06 0 0 0 1 
1719 654424 6.89825e+06 0 0 0 1 
1720 654363 6.89809e+06 0 0 0 1 
1721 654229 6.89748e+06 0 0 0 1 
1722 654228 6.89741e+06 0 0 0 1 
1723 654191 6.89708e+06 0 0 0 1 
1724 654160 6.89703e+06 0 0 0 1 
1725 654140 6.89695e+06 0 0 0 1 
1726 654144 6.89691e+06 0 0 0 1 
1727 654174 6.89686e+06 0 0 0 1 
1728 654258 6.89675e+06 0 0 0 1 
1729 654263 6.8967e+06 0 0 0 1 
1730 654230 6.89662e+06 0 0 0 1 
1731 654207 6.8965e+06 0 0 0 1 
1732 654241 6.89644e+06 0 0 0 1 
1733 654321 6.89641e+06 0 0 0 1 
1734 654556 6.89639e+06 0 0 0 1 
1735 654736 6.89641e+06 0 0 0 1 
1736 655368 6.89653e+06 0 0 0 1 
1737 655598 6.89651e+06 0 0 0 1 
1738 655807 6.8964e+06 0 0 0 1 
1739 656031 6.89623e+06 0 0 0 1 
1740 656450 6.89604e+06 0 0 0 1 
1741 657163 6.89565e+06 0 0 0 1 
1742 686458 6.9166e+06 0 0 0 1 
1743 686386 6.91647e+06 0 0 0 1 
1744 686197 6.91639e+06 0 0 0 1 
1745 685872 6.91618e+06 0 0 0 1 
1746 685613 6.91613e+06 0 0 0 1 
1747 685431 6.916e+06 0 0 0 1 
1748 685172 6.91599e+06 0 0 0 1 
1749 684919 6.91596e+06 0 0 0 1 
1750 684529 6.91576e+06 0 0 0 1 
1751 684169 6.91557e+06 0 0 0 1 
1752 683859 6.91545e+06 0 0 0 1 
1753 683593 6.91555e+06 0 0 0 1 
1754 683376 6.91556e+06 0 0 0 1 
1755 683028 6.91533e+06 0 0 0 1 
1756 682867 6.91502e+06 0 0 0 1 
1757 682573 6.9149e+06 0 0 0 1 
1758 682422 6.91478e+06 0 0 0 1 
1759 682277 6.91431e+06 0 0 0 1 
1760 682089 6.91409e+06 0 0 0 1 
1761 682151 6.91375e+06 0 0 0 1 
1762 682299 6.91369e+06 0 0 0 1 
1763 682783 6.91366e+06 0 0 0 1 
1764 683098 6.9138e+06 0 0 0 1 
1765 683501 6.91419e+06 0 0 0 1 
1766 683733 6.9144e+06 0 0 0 1 
1767 684011 6.91449e+06 0 0 0 1 
1768 684148 6.91442e+06 0 0 0 1 
1769 683967 6.9142e+06 0 0 0 1 
1770 683904 6.91397e+06 0 0 0 1 
1771 683685 6.91367e+06 0 0 0 1 
1772 683712 6.91327e+06 0 0 0 1 
1773 683692 6.91297e+06 0 0 0 1 
1774 685458 6.91863e+06 0 0 0 1 
1775 685288 6.9188e+06 0 0 0 1 
1776 684942 6.91893e+06 0 0 0 1 
1777 684605 6.91898e+06 0 0 0 1 
1778 684449 6.91889e+06 0 0 0 1 
1779 684379 6.91859e+06 0 0 0 1 
1780 684349 6.91823e+06 0 0 0 1 
1781 684327 6.91774e+06 0 0 0 1 
1782 684230 6.91743e+06 0 0 0 1 
1783 684270 6.9171e+06 0 0 0 1 
1784 684339 6.91693e+06 0 0 0 1 
1785 684484 6.91681e+06 0 0 0 1 
1786 684671 6.91682e+06 0 0 0 1 
1787 684928 6.91693e+06 0 0 0 1 
1788 685213 6.91697e+06 0 0 0 1 
1789 685463 6.91699e+06 0 0 0 1 
1790 685582 6.91712e+06 0 0 0 1 
1791 685747 6.91728e+06 0 0 0 1 
1792 685852 6.91723e+06 0 0 0 1 
1793 672091 6.91588e+06 0 0 0 1 
1794 672206 6.91601e+06 0 0 0 1 
1795 672296 6.91604e+06 0 0 0 1 
1796 672435 6.91608e+06 0 0 0 1 
1797 672652 6.91613e+06 0 0 0 1 
1798 673159 6.91613e+06 0 0 0 1 
1799 673280 6.91617e+06 0 0 0 1 
1800 673336 6.91616e+06 0 0 0 1 
1801 673632 6.91609e+06 0 0 0 1 
1802 673831 6.91616e+06 0 0 0 1 
1803 674193 6.91617e+06 0 0 0 1 
1804 674387 6.91611e+06 0 0 0 1 
1805 674524 6.91612e+06 0 0 0 1 
1806 674956 6.91597e+06 0 0 0 1 
1807 675067 6.91596e+06 0 0 0 1 
1808 675333 6.91606e+06 0 0 0 1 
1809 675533 6.91607e+06 0 0 0 1 
1810 675709 6.91611e+06 0 0 0 1 
1811 675973 6.91625e+06 0 0 0 1 
1812 676052 6.91626e+06 0 0 0 1 
1813 676268 6.91627e+06 0 0 0 1 
1814 676786 6.91627e+06 0 0 0 1 
1815 676921 6.91625e+06 0 0 0 1 
1816 676982 6.91625e+06 0 0 0 1 
1817 677276 6.91634e+06 0 0 0 1 
1818 677335 6.91634e+06 0 0 0 1 
1819 677395 6.91634e+06 0 0 0 1 
1820 677475 6.91631e+06 0 0 0 1 
1821 677582 6.91628e+06 0 0 0 1 
1822 677655 6.91629e+06 0 0 0 1 
1823 677789 6.91631e+06 0 0 0 1 
1824 677893 6.91636e+06 0 0 0 1 
1825 678012 6.91645e+06 0 0 0 1 
1826 678060 6.91644e+06 0 0 0 1 
1827 678166 6.91641e+06 0 0 0 1 
1828 678235 6.9164e+06 0 0 0 1 
1829 678370 6.91643e+06 0 0 0 1 
1830 678470 6.91645e+06 0 0 0 1 
1831 678625 6.91645e+06 0 0 0 1 
1832 678973 6.9164e+06 0 0 0 1 
1833 679082 6.9164e+06 0 0 0 1 
1834 679304 6.91645e+06 0 0 0 1 
1835 679434 6.9165e+06 0 0 0 1 
1836 679581 6.91658e+06 0 0 0 1 
1837 679651 6.9166e+06 0 0 0 1 
1838 679722 6.91659e+06 0 0 0 1 
1839 680066 6.91644e+06 0 0 0 1 
1840 680194 6.91644e+06 0 0 0 1 
1841 680379 6.91639e+06 0 0 0 1 
1842 680716 6.91642e+06 0 0 0 1 
1843 680849 6.91644e+06 0 0 0 1 
1844 680993 6.91652e+06 0 0 0 1 
1845 681077 6.91661e+06 0 0 0 1 
1846 681134 6.91674e+06 0 0 0 1 
1847 681183 6.91679e+06 0 0 0 1 
1848 681260 6.91692e+06 0 0 0 1 
1849 681341 6.91709e+06 0 0 0 1 
1850 681398 6.91722e+06 0 0 0 1 
1851 681494 6.91744e+06 0 0 0 1 
1852 681574 6.91758e+06 0 0 0 1 
1853 681646 6.91767e+06 0 0 0 1 
1854 681741 6.91781e+06 0 0 0 1 
1855 682090 6.9181e+06 0 0 0 1 
1856 682223 6.91821e+06 0 0 0 1 
1857 682344 6.9183e+06 0 0 0 1 
1858 682432 6.91845e+06 0 0 0 1 
1859 682519 6.91857e+06 0 0 0 1 
1860 682665 6.91884e+06 0 0 0 1 
1861 682736 6.91895e+06 0 0 0 1 
1862 683012 6.91931e+06 0 0 0 1 
1863 683189 6.91964e+06 0 0 0 1 
1864 683207 6.91967e+06 0 0 0 1 
1865 683360 6.91992e+06 0 0 0 1 
1866 683419 6.92008e+06 0 0 0 1 
1867 683497 6.92024e+06 0 0 0 1 
1868 683681 6.92058e+06 0 0 0 1 
1869 683722 6.92074e+06 0 0 0 1 
1870 683845 6.92095e+06 0 0 0 1 
1871 683858 6.92108e+06 0 0 0 1 
1872 683851 6.92115e+06 0 0 0 1 
1873 683853 6.92125e+06 0 0 0 1 
1874 683888 6.92139e+06 0 0 0 1 
1875 683939 6.92156e+06 0 0 0 1 
1876 683990 6.92169e+06 0 0 0 1 
1877 684053 6.92181e+06 0 0 0 1 
1878 684113 6.9219e+06 0 0 0 1 
1879 684218 6.92204e+06 0 0 0 1 
1880 684289 6.92221e+06 0 0 0 1 
1881 684338 6.92227e+06 0 0 0 1 
1882 684489 6.92257e+06 0 0 0 1 
1883 684528 6.92262e+06 0 0 0 1 
1884 684595 6.92269e+06 0 0 0 1 
1885 684758 6.9229e+06 0 0 0 1 
1886 684816 6.92298e+06 0 0 0 1 
1887 684885 6.92312e+06 0 0 0 1 
1888 684958 6.92324e+06 0 0 0 1 
1889 685036 6.92333e+06 0 0 0 1 
1890 685126 6.92344e+06 0 0 0 1 
1891 685185 6.92355e+06 0 0 0 1 
1892 685224 6.92367e+06 0 0 0 1 
1893 685290 6.92376e+06 0 0 0 1 
1894 685373 6.92386e+06 0 0 0 1 
1895 685485 6.92391e+06 0 0 0 1 
1896 685606 6.92402e+06 0 0 0 1 
1897 685658 6.92408e+06 0 0 0 1 
1898 685679 6.92418e+06 0 0 0 1 
1899 685716 6.92429e+06 0 0 0 1 
1900 685777 6.92436e+06 0 0 0 1 
1901 685817 6.92443e+06 0 0 0 1 
1902 685934 6.92474e+06 0 0 0 1 
1903 686087 6.92489e+06 0 0 0 1 
1904 686305 6.92508e+06 0 0 0 1 
1905 686637 6.92532e+06 0 0 0 1 
1906 686816 6.92549e+06 0 0 0 1 
1907 686960 6.92555e+06 0 0 0 1 
1908 687117 6.92567e+06 0 0 0 1 
1909 687395 6.92596e+06 0 0 0 1 
1910 687497 6.92604e+06 0 0 0 1 
1911 687695 6.92611e+06 0 0 0 1 
1912 687882 6.92625e+06 0 0 0 1 
1913 688019 6.92632e+06 0 0 0 1 
1914 688070 6.92641e+06 0 0 0 1 
1915 688223 6.92656e+06 0 0 0 1 
1916 688310 6.92673e+06 0 0 0 1 
1917 688319 6.92682e+06 0 0 0 1 
1918 688289 6.92695e+06 0 0 0 1 
1919 688202 6.92711e+06 0 0 0 1 
1920 688084 6.92725e+06 0 0 0 1 
1921 691379 6.9255e+06 0 0 0 1 
1922 690945 6.92503e+06 0 0 0 1 
1923 690564 6.92476e+06 0 0 0 1 
1924 690022 6.92461e+06 0 0 0 1 
1925 689716 6.9246e+06 0 0 0 1 
1926 689377 6.92476e+06 0 0 0 1 
1927 689212 6.92513e+06 0 0 0 1 
1928 688917 6.92532e+06 0 0 0 1 
1929 688394 6.92534e+06 0 0 0 1 
1930 688022 6.92494e+06 0 0 0 1 
1931 687418 6.92467e+06 0 0 0 1 
1932 687032 6.92424e+06 0 0 0 1 
1933 686278 6.92343e+06 0 0 0 1 
1934 685710 6.92299e+06 0 0 0 1 
1935 685644 6.92247e+06 0 0 0 1 
1936 685336 6.92165e+06 0 0 0 1 
1937 685105 6.92115e+06 0 0 0 1 
1938 685015 6.92051e+06 0 0 0 1 
1939 684803 6.92032e+06 0 0 0 1 
1940 684621 6.92003e+06 0 0 0 1 
1941 684699 6.91936e+06 0 0 0 1 
1942 684840 6.91925e+06 0 0 0 1 
1943 685304 6.91923e+06 0 0 0 1 
1944 685712 6.9194e+06 0 0 0 1 
1945 688432 6.92763e+06 0 0 0 1 
1946 688677 6.92732e+06 0 0 0 1 
1947 688911 6.92709e+06 0 0 0 1 
1948 689003 6.92696e+06 0 0 0 1 
1949 689131 6.92685e+06 0 0 0 1 
1950 689292 6.92678e+06 0 0 0 1 
1951 689432 6.92678e+06 0 0 0 1 
1952 689624 6.9268e+06 0 0 0 1 
1953 689789 6.92686e+06 0 0 0 1 
1954 689890 6.92692e+06 0 0 0 1 
1955 690006 6.92703e+06 0 0 0 1 
1956 690118 6.92722e+06 0 0 0 1 
1957 690174 6.92744e+06 0 0 0 1 
1958 690188 6.92762e+06 0 0 0 1 
1959 690183 6.92773e+06 0 0 0 1 
1960 690199 6.92801e+06 0 0 0 1 
1961 690177 6.92813e+06 0 0 0 1 
1962 690129 6.92824e+06 0 0 0 1 
1963 690031 6.92841e+06 0 0 0 1 
1964 689971 6.92852e+06 0 0 0 1 
1965 689923 6.92863e+06 0 0 0 1 
1966 689856 6.92888e+06 0 0 0 1 
1967 689848 6.92901e+06 0 0 0 1 
1968 689867 6.92915e+06 0 0 0 1 
1969 689904 6.92933e+06 0 0 0 1 
1970 689955 6.9295e+06 0 0 0 1 
1971 690008 6.92962e+06 0 0 0 1 
1972 690115 6.92976e+06 0 0 0 1 
1973 690298 6.92994e+06 0 0 0 1 
1974 690489 6.93009e+06 0 0 0 1 
1975 690554 6.93013e+06 0 0 0 1 
1976 690635 6.93021e+06 0 0 0 1 
1977 690763 6.93042e+06 0 0 0 1 
1978 690868 6.93068e+06 0 0 0 1 
1979 690925 6.93077e+06 0 0 0 1 
1980 691024 6.93088e+06 0 0 0 1 
1981 691066 6.9309e+06 0 0 0 1 
1982 691114 6.9309e+06 0 0 0 1 
1983 691189 6.93087e+06 0 0 0 1 
1984 691262 6.93081e+06 0 0 0 1 
1985 691318 6.93079e+06 0 0 0 1 
1986 691436 6.93079e+06 0 0 0 1 
1987 691601 6.93085e+06 0 0 0 1 
1988 691919 6.93103e+06 0 0 0 1 
1989 692132 6.93116e+06 0 0 0 1 
1990 692320 6.9313e+06 0 0 0 1 
1991 694013 6.93395e+06 0 0 0 1 
1992 694116 6.93397e+06 0 0 0 1 
1993 694211 6.934e+06 0 0 0 1 
1994 694262 6.93404e+06 0 0 0 1 
1995 694325 6.93413e+06 0 0 0 1 
1996 694384 6.93423e+06 0 0 0 1 
1997 694435 6.93428e+06 0 0 0 1 
1998 694502 6.93432e+06 0 0 0 1 
1999 694551 6.93434e+06 0 0 0 1 
2000 694680 6.93437e+06 0 0 0 1 
2001 694749 6.93441e+06 0 0 0 1 
2002 694794 6.93444e+06 0 0 0 1 
2003 694859 6.93447e+06 0 0 0 1 
2004 694903 6.93448e+06 0 0 0 1 
2005 694965 6.93446e+06 0 0 0 1 
2006 695027 6.93443e+06 0 0 0 1 
2007 695098 6.93442e+06 0 0 0 1 
2008 695193 6.93443e+06 0 0 0 1 
2009 695334 6.93452e+06 0 0 0 1 
2010 695399 6.93453e+06 0 0 0 1 
2011 695461 6.93452e+06 0 0 0 1 
2012 695593 6.93447e+06 0 0 0 1 
2013 695714 6.93439e+06 0 0 0 1 
2014 695827 6.93435e+06 0 0 0 1 
2015 695914 6.93435e+06 0 0 0 1 
2016 696003 6.93437e+06 0 0 0 1 
2017 696070 6.93436e+06 0 0 0 1 
2018 696200 6.93439e+06 0 0 0 1 
2019 696278 6.93436e+06 0 0 0 1 
2020 696384 6.93433e+06 0 0 0 1 
2021 696473 6.9343e+06 0 0 0 1 
2022 696497 6.93426e+06 0 0 0 1 
2023 696525 6.93444e+06 0 0 0 1 
2024 696503 6.93452e+06 0 0 0 1 
2025 696439 6.9346e+06 0 0 0 1 
2026 696400 6.93463e+06 0 0 0 1 
2027 696440 6.93473e+06 0 0 0 1 
2028 696484 6.93476e+06 0 0 0 1 
2029 696595 6.93503e+06 0 0 0 1 
2030 696751 6.93518e+06 0 0 0 1 
2031 696772 6.9353e+06 0 0 0 1 
2032 696721 6.93544e+06 0 0 0 1 
2033 696589 6.9357e+06 0 0 0 1 
2034 696448 6.93591e+06 0 0 0 1 
2035 696456 6.93608e+06 0 0 0 1 
2036 696434 6.93615e+06 0 0 0 1 
2037 696319 6.93628e+06 0 0 0 1 
2038 696317 6.93633e+06 0 0 0 1 
2039 696249 6.9364e+06 0 0 0 1 
2040 696216 6.93681e+06 0 0 0 1 
2041 696249 6.93711e+06 0 0 0 1 
2042 696330 6.93786e+06 0 0 0 1 
2043 696308 6.93793e+06 0 0 0 1 
2044 696513 6.93794e+06 0 0 0 1 
2045 696770 6.93824e+06 0 0 0 1 
2046 696905 6.93841e+06 0 0 0 1 
2047 697406 6.9385e+06 0 0 0 1 
2048 697534 6.93863e+06 0 0 0 1 
2049 697622 6.93886e+06 0 0 0 1 
2050 697633 6.93909e+06 0 0 0 1 
2051 697691 6.93943e+06 0 0 0 1 
2052 698086 6.9401e+06 0 0 0 1 
2053 698444 6.9402e+06 0 0 0 1 
2054 698930 6.94045e+06 0 0 0 1 
2055 699281 6.94074e+06 0 0 0 1 
2056 699610 6.94093e+06 0 0 0 1 
2057 699762 6.9412e+06 0 0 0 1 
2058 699788 6.94174e+06 0 0 0 1 
2059 699678 6.9421e+06 0 0 0 1 
2060 699495 6.94231e+06 0 0 0 1 
2061 700594 6.94234e+06 0 0 0 1 
2062 700483 6.94216e+06 0 0 0 1 
2063 700316 6.94179e+06 0 0 0 1 
2064 700503 6.94144e+06 0 0 0 1 
2065 700862 6.94138e+06 0 0 0 1 
2066 701125 6.94121e+06 0 0 0 1 
2067 701723 6.94129e+06 0 0 0 1 
2068 702378 6.94125e+06 0 0 0 1 
2069 703063 6.94155e+06 0 0 0 1 
2070 703686 6.94197e+06 0 0 0 1 
2071 704122 6.94227e+06 0 0 0 1 
2072 704879 6.94243e+06 0 0 0 1 
2073 705533 6.94247e+06 0 0 0 1 
2074 706204 6.94247e+06 0 0 0 1 
2075 707280 6.94211e+06 0 0 0 1 
2076 708166 6.94229e+06 0 0 0 1 
2077 709673 6.94351e+06 0 0 0 1 
2078 710445 6.94386e+06 0 0 0 1 
2079 710780 6.94418e+06 0 0 0 1 
2080 711258 6.94428e+06 0 0 0 1 
2081 711876 6.94416e+06 0 0 0 1 
2082 712812 6.94397e+06 0 0 0 1 
2083 713211 6.94409e+06 0 0 0 1 
2084 713029 6.94429e+06 0 0 0 1 
2085 712689 6.94475e+06 0 0 0 1 
2086 712731 6.94512e+06 0 0 0 1 
2087 713496 6.94495e+06 0 0 0 1 
2088 713963 6.94543e+06 0 0 0 1 
2089 714471 6.94583e+06 0 0 0 1 
2090 714886 6.94612e+06 0 0 0 1 
2091 715807 6.94635e+06 0 0 0 1 
2092 716514 6.9469e+06 0 0 0 1 
2093 718267 6.94807e+06 0 0 0 1 
2094 719095 6.94858e+06 0 0 0 1 
2095 719984 6.94951e+06 0 0 0 1 
2096 719988 6.94991e+06 0 0 0 1 
2097 720569 6.9501e+06 0 0 0 1 
2098 720706 6.95039e+06 0 0 0 1 
2099 720099 6.95057e+06 0 0 0 1 
2100 719555 6.95116e+06 0 0 0 1 
2101 719616 6.95138e+06 0 0 0 1 
2102 719577 6.95175e+06 0 0 0 1 
2103 728344 6.95348e+06 0 0 0 1 
2104 727954 6.95299e+06 0 0 0 1 
2105 727775 6.95181e+06 0 0 0 1 
2106 727335 6.95087e+06 0 0 0 1 
2107 726732 6.95043e+06 0 0 0 1 
2108 726596 6.95013e+06 0 0 0 1 
2109 726126 6.94963e+06 0 0 0 1 
2110 726097 6.9494e+06 0 0 0 1 
2111 726023 6.94898e+06 0 0 0 1 
2112 725840 6.94862e+06 0 0 0 1 
2113 725922 6.94795e+06 0 0 0 1 
2114 725640 6.94772e+06 0 0 0 1 
2115 725124 6.94735e+06 0 0 0 1 
2116 724983 6.94723e+06 0 0 0 1 
2117 724807 6.94679e+06 0 0 0 1 
2118 724488 6.94676e+06 0 0 0 1 
2119 723909 6.94708e+06 0 0 0 1 
2120 723300 6.94701e+06 0 0 0 1 
2121 722766 6.94664e+06 0 0 0 1 
2122 722159 6.94674e+06 0 0 0 1 
2123 721395 6.94628e+06 0 0 0 1 
2124 721129 6.94647e+06 0 0 0 1 
2125 720811 6.94652e+06 0 0 0 1 
2126 720505 6.94662e+06 0 0 0 1 
2127 720370 6.94617e+06 0 0 0 1 
2128 720044 6.9458e+06 0 0 0 1 
2129 719599 6.94577e+06 0 0 0 1 
2130 718193 6.94503e+06 0 0 0 1 
2131 717451 6.94448e+06 0 0 0 1 
2132 717113 6.94436e+06 0 0 0 1 
2133 716305 6.9442e+06 0 0 0 1 
2134 715347 6.9435e+06 0 0 0 1 
2135 714787 6.94321e+06 0 0 0 1 
2136 714515 6.9428e+06 0 0 0 1 
2137 714524 6.94244e+06 0 0 0 1 
2138 712753 6.94157e+06 0 0 0 1 
2139 712236 6.94179e+06 0 0 0 1 
2140 711721 6.94179e+06 0 0 0 1 
2141 711260 6.94125e+06 0 0 0 1 
2142 710716 6.94137e+06 0 0 0 1 
2143 710425 6.94169e+06 0 0 0 1 
2144 708927 6.94135e+06 0 0 0 1 
2145 706574 6.94097e+06 0 0 0 1 
2146 705573 6.94109e+06 0 0 0 1 
2147 705157 6.94106e+06 0 0 0 1 
2148 704576 6.94084e+06 0 0 0 1 
2149 703989 6.94096e+06 0 0 0 1 
2150 703906 6.94064e+06 0 0 0 1 
2151 703881 6.94019e+06 0 0 0 1 
2152 703522 6.93973e+06 0 0 0 1 
2153 703256 6.93942e+06 0 0 0 1 
2154 702936 6.93902e+06 0 0 0 1 
2155 701929 6.93866e+06 0 0 0 1 
2156 700122 6.93895e+06 0 0 0 1 
2157 699293 6.93891e+06 0 0 0 1 
2158 698935 6.93881e+06 0 0 0 1 
2159 698788 6.93831e+06 0 0 0 1 
2160 699381 6.93776e+06 0 0 0 1 
2161 699040 6.93657e+06 0 0 0 1 
2162 699007 6.93592e+06 0 0 0 1 
2163 698859 6.93588e+06 0 0 0 1 
2164 698691 6.93589e+06 0 0 0 1 
2165 698500 6.93601e+06 0 0 0 1 
2166 698285 6.93585e+06 0 0 0 1 
2167 698249 6.93569e+06 0 0 0 1 
2168 698370 6.93538e+06 0 0 0 1 
2169 698496 6.93519e+06 0 0 0 1 
2170 698317 6.93512e+06 0 0 0 1 
2171 697756 6.93451e+06 0 0 0 1 
2172 697766 6.93441e+06 0 0 0 1 
2173 697939 6.93438e+06 0 0 0 1 
2174 698258 6.93441e+06 0 0 0 1 
2175 698397 6.93453e+06 0 0 0 1 
2176 698549 6.93461e+06 0 0 0 1 
2177 698742 6.93454e+06 0 0 0 1 
2178 698830 6.93429e+06 0 0 0 1 
2179 698293 6.93364e+06 0 0 0 1 
2180 697911 6.93338e+06 0 0 0 1 
2181 697824 6.93312e+06 0 0 0 1 
2182 697607 6.93288e+06 0 0 0 1 
2183 697451 6.93258e+06 0 0 0 1 
2184 697233 6.93244e+06 0 0 0 1 
2185 696976 6.93241e+06 0 0 0 1 
2186 696675 6.93231e+06 0 0 0 1 
2187 696383 6.93217e+06 0 0 0 1 
2188 696139 6.93208e+06 0 0 0 1 
2189 696171 6.93181e+06 0 0 0 1 
2190 696086 6.93164e+06 0 0 0 1 
2191 695874 6.93169e+06 0 0 0 1 
2192 695664 6.93164e+06 0 0 0 1 
2193 695208 6.93125e+06 0 0 0 1 
2194 695252 6.93103e+06 0 0 0 1 
2195 695546 6.93079e+06 0 0 0 1 
2196 695830 6.9307e+06 0 0 0 1 
2197 695929 6.93056e+06 0 0 0 1 
2198 695831 6.93039e+06 0 0 0 1 
2199 695770 6.93014e+06 0 0 0 1 
2200 695621 6.92983e+06 0 0 0 1 
2201 695402 6.92994e+06 0 0 0 1 
2202 695131 6.92989e+06 0 0 0 1 
2203 694915 6.92986e+06 0 0 0 1 
2204 694743 6.92978e+06 0 0 0 1 
2205 694554 6.92946e+06 0 0 0 1 
2206 694429 6.9293e+06 0 0 0 1 
2207 694275 6.92894e+06 0 0 0 1 
2208 694105 6.92868e+06 0 0 0 1 
2209 693849 6.92872e+06 0 0 0 1 
2210 693685 6.92884e+06 0 0 0 1 
2211 693394 6.92898e+06 0 0 0 1 
2212 693122 6.92895e+06 0 0 0 1 
2213 693032 6.9291e+06 0 0 0 1 
2214 692659 6.9291e+06 0 0 0 1 
2215 692327 6.92922e+06 0 0 0 1 
2216 692058 6.92912e+06 0 0 0 1 
2217 691701 6.92863e+06 0 0 0 1 
2218 691548 6.92818e+06 0 0 0 1 
2219 691565 6.92776e+06 0 0 0 1 
2220 691460 6.9276e+06 0 0 0 1 
2221 691094 6.9272e+06 0 0 0 1 
2222 690896 6.92689e+06 0 0 0 1 
2223 691059 6.92646e+06 0 0 0 1 
2224 691699 6.92634e+06 0 0 0 1 
2225 734237 6.96774e+06 0 0 0 1 
2226 733169 6.96684e+06 0 0 0 1 
2227 732455 6.96609e+06 0 0 0 1 
2228 731148 6.96472e+06 0 0 0 1 
2229 730173 6.96376e+06 0 0 0 1 
2230 729828 6.96341e+06 0 0 0 1 
2231 729406 6.96338e+06 0 0 0 1 
2232 729023 6.96332e+06 0 0 0 1 
2233 728684 6.9629e+06 0 0 0 1 
2234 728315 6.96236e+06 0 0 0 1 
2235 728179 6.96222e+06 0 0 0 1 
2236 727709 6.96176e+06 0 0 0 1 
2237 727340 6.96113e+06 0 0 0 1 
2238 727308 6.96062e+06 0 0 0 1 
2239 727391 6.96028e+06 0 0 0 1 
2240 726934 6.95907e+06 0 0 0 1 
2241 727475 6.95852e+06 0 0 0 1 
2242 727575 6.95818e+06 0 0 0 1 
2243 727542 6.95756e+06 0 0 0 1 
2244 727447 6.95714e+06 0 0 0 1 
2245 727745 6.95659e+06 0 0 0 1 
2246 727750 6.9562e+06 0 0 0 1 
2247 727874 6.95601e+06 0 0 0 1 
2248 728570 6.95478e+06 0 0 0 1 
2249 741805 6.98079e+06 0 0 0 1 
2250 741329 6.97995e+06 0 0 0 1 
2251 740723 6.97915e+06 0 0 0 1 
2252 740526 6.97826e+06 0 0 0 1 
2253 740348 6.97791e+06 0 0 0 1 
2254 740202 6.97763e+06 0 0 0 1 
2255 738796 6.97531e+06 0 0 0 1 
2256 737289 6.97444e+06 0 0 0 1 
2257 736634 6.97354e+06 0 0 0 1 
2258 736256 6.97333e+06 0 0 0 1 
2259 735964 6.97297e+06 0 0 0 1 
2260 735904 6.97257e+06 0 0 0 1 
2261 735966 6.97239e+06 0 0 0 1 
2262 735860 6.97202e+06 0 0 0 1 
2263 735362 6.97141e+06 0 0 0 1 
2264 735133 6.97092e+06 0 0 0 1 
2265 735042 6.97008e+06 0 0 0 1 
2266 734824 6.96959e+06 0 0 0 1 
2267 734805 6.96899e+06 0 0 0 1 
2268 722027 6.95215e+06 0 0 0 1 
2269 722093 6.9517e+06 0 0 0 1 
2270 722657 6.95106e+06 0 0 0 1 
2271 723374 6.95103e+06 0 0 0 1 
2272 724631 6.95154e+06 0 0 0 1 
2273 725087 6.95226e+06 0 0 0 1 
2274 726415 6.95476e+06 0 0 0 1 
2275 726656 6.95534e+06 0 0 0 1 
2276 726562 6.95603e+06 0 0 0 1 
2277 726412 6.95634e+06 0 0 0 1 
2278 725932 6.95683e+06 0 0 0 1 
2279 725717 6.95735e+06 0 0 0 1 
2280 725572 6.95812e+06 0 0 0 1 
2281 725697 6.95876e+06 0 0 0 1 
2282 725549 6.95925e+06 0 0 0 1 
2283 725496 6.95954e+06 0 0 0 1 
2284 725691 6.95994e+06 0 0 0 1 
2285 725766 6.96116e+06 0 0 0 1 
2286 726109 6.96219e+06 0 0 0 1 
2287 727473 6.96375e+06 0 0 0 1 
2288 727666 6.96395e+06 0 0 0 1 
2289 727910 6.96448e+06 0 0 0 1 
2290 728195 6.96468e+06 0 0 0 1 
2291 728614 6.96465e+06 0 0 0 1 
2292 729115 6.96512e+06 0 0 0 1 
2293 729339 6.96525e+06 0 0 0 1 
2294 729535 6.9655e+06 0 0 0 1 
2295 729700 6.96559e+06 0 0 0 1 
2296 730122 6.96561e+06 0 0 0 1 
2297 730515 6.96616e+06 0 0 0 1 
2298 730676 6.96653e+06 0 0 0 1 
2299 731388 6.96716e+06 0 0 0 1 
2300 731967 6.96784e+06 0 0 0 1 
2301 732216 6.9681e+06 0 0 0 1 
2302 732750 6.96865e+06 0 0 0 1 
2303 732813 6.96907e+06 0 0 0 1 
2304 732908 6.9692e+06 0 0 0 1 
2305 733053 6.96943e+06 0 0 0 1 
2306 733162 6.96989e+06 0 0 0 1 
2307 733375 6.97005e+06 0 0 0 1 
2308 733630 6.97015e+06 0 0 0 1 
2309 733803 6.97042e+06 0 0 0 1 
2310 734147 6.97077e+06 0 0 0 1 
2311 734218 6.971e+06 0 0 0 1 
2312 734239 6.9713e+06 0 0 0 1 
2313 734229 6.97175e+06 0 0 0 1 
2314 734415 6.97211e+06 0 0 0 1 
2315 734547 6.97261e+06 0 0 0 1 
2316 734930 6.97303e+06 0 0 0 1 
2317 735084 6.97373e+06 0 0 0 1 
2318 735219 6.97392e+06 0 0 0 1 
2319 735503 6.9743e+06 0 0 0 1 
2320 736256 6.97472e+06 0 0 0 1 
2321 736877 6.97511e+06 0 0 0 1 
2322 737536 6.97564e+06 0 0 0 1 
2323 737816 6.97576e+06 0 0 0 1 
2324 738578 6.97632e+06 0 0 0 1 
2325 738880 6.97695e+06 0 0 0 1 
2326 739536 6.97758e+06 0 0 0 1 
2327 740007 6.97807e+06 0 0 0 1 
2328 739985 6.97873e+06 0 0 0 1 
2329 740021 6.97916e+06 0 0 0 1 
2330 740292 6.97979e+06 0 0 0 1 
2331 740565 6.98017e+06 0 0 0 1 
2332 740795 6.98097e+06 0 0 0 1 
2333 741086 6.98124e+06 0 0 0 1 
2334 741385 6.98151e+06 0 0 0 1 
