Db
7 # Number of variables
1025 # Number of samples
# Locators
NA x1 x2 lower1 upper1 z1 sel 
# Names
rank X Y Thickness Thickness_1 ThicknessNosides Duplicate 
# Array of values
1 637320 6.8853e+06 7 7 7 1 
2 637170 6.88544e+06 7 7 7 1 
3 637258 6.88544e+06 7 7 7 1 
4 656293 6.90052e+06 10.5 10.5 10.5 1 
5 656818 6.90143e+06 7.6 7.6 7.6 1 
6 656423 6.90043e+06 5 5 5 1 
7 657579 6.89982e+06 8 8 8 1 
8 657777 6.90004e+06 9.8 9.8 9.8 1 
9 656284 6.89945e+06 5.5 5.5 5.5 1 
10 655715 6.90061e+06 9 9 9 1 
11 655485 6.90074e+06 9.6 9.6 9.6 1 
12 654835 6.90138e+06 8.35 8.35 8.35 1 
13 654195 6.89956e+06 7.7 7.7 7.7 1 
14 655210 6.89968e+06 2.5 2.5 2.5 1 
15 655475 6.90075e+06 11 11 11 1 
16 654740 6.90015e+06 8.6 8.6 8.6 1 
17 655794 6.90065e+06 8 8 8 1 
18 655695 6.90074e+06 8 8 8 1 
19 655675 6.90077e+06 7.9 7.9 7.9 1 
20 655525 6.90076e+06 10.8 10.8 10.8 1 
21 655475 6.90071e+06 8 8 8 1 
22 654344 6.8995e+06 6.4 6.4 6.4 1 
23 654708 6.89997e+06 9.5 9.5 9.5 1 
24 656336 6.89966e+06 5 5 5 1 
25 656212 6.9003e+06 8 8 8 1 
26 656003 6.90045e+06 7 7 7 1 
27 654998 6.89991e+06 6 6 6 1 
28 654767 6.89982e+06 7.7 7.7 7.7 1 
29 654777 6.89983e+06 7.5 7.5 7.5 1 
30 654937 6.89981e+06 1.2 1.2 1.2 1 
31 655211 6.90143e+06 1.8 1.8 1.8 1 
32 655517 6.901e+06 2.6 2.6 2.6 1 
33 655497 6.90098e+06 2.5 2.5 2.5 1 
34 655367 6.90098e+06 4.2 4.2 4.2 1 
35 655616 6.90087e+06 2.6 2.6 2.6 1 
36 655471 6.90086e+06 5.5 5.5 5.5 1 
37 653971 6.89797e+06 10.8 10.8 10.8 1 
38 654385 6.89838e+06 6.5 6.5 6.5 1 
39 655988 6.89918e+06 1.4 1.4 1.4 1 
40 655173 6.89929e+06 2.8 2.8 2.8 1 
41 654217 6.8975e+06 4.5 4.5 4.5 1 
42 652502 6.89571e+06 1.7 1.7 1.7 1 
43 653667 6.89437e+06 5.6 5.6 5.6 1 
44 653118 6.89404e+06 8 8 8 1 
45 655040 6.89529e+06 1.8 1.8 1.8 1 
46 653099 6.89538e+06 7.6 7.6 7.6 1 
47 652337 6.89365e+06 3.8 3.8 3.8 1 
48 650125 6.89494e+06 7.2 7.2 7.2 1 
49 648197 6.89524e+06 8.5 8.5 8.5 1 
50 647497 6.89414e+06 10 10 10 1 
51 647336 6.89402e+06 10 10 10 1 
52 644443 6.89257e+06 11.25 11.25 11.25 1 
53 645810 6.89209e+06 11.4 11.4 11.4 1 
54 646147 6.89299e+06 11.9 11.9 11.9 1 
55 645796 6.89278e+06 10.9 10.9 10.9 1 
56 645913 6.89309e+06 11.9 11.9 11.9 1 
57 645949 6.89313e+06 9.4 9.4 9.4 1 
58 645894 6.89317e+06 11.75 11.75 11.75 1 
59 645669 6.8932e+06 12 12 12 1 
60 646097 6.89351e+06 10.8 10.8 10.8 1 
61 645750 6.89274e+06 6.3 6.3 6.3 1 
62 645665 6.89276e+06 10.15 10.15 10.15 1 
63 645876 6.89287e+06 8 8 8 1 
64 645937 6.89295e+06 10.8 10.8 10.8 1 
65 645902 6.89296e+06 11.9 11.9 11.9 1 
66 645997 6.89298e+06 11.5 11.5 11.5 1 
67 645917 6.89299e+06 12.05 12.05 12.05 1 
68 645908 6.89303e+06 11.8 11.8 11.8 1 
69 645962 6.89353e+06 9.6 9.6 9.6 1 
70 646022 6.89349e+06 9.3 9.3 9.3 1 
71 645961 6.89347e+06 9.6 9.6 9.6 1 
72 645921 6.89339e+06 8.5 8.5 8.5 1 
73 646036 6.89339e+06 8.75 8.75 8.75 1 
74 645900 6.89333e+06 8.7 8.7 8.7 1 
75 645920 6.89328e+06 8.1 8.1 8.1 1 
76 645960 6.89328e+06 8.3 8.3 8.3 1 
77 645658 6.8931e+06 1.6 1.6 1.6 1 
78 645778 6.8931e+06 11.4 11.4 11.4 1 
79 645863 6.89309e+06 11.72 11.72 11.72 1 
80 645888 6.89312e+06 10.3 10.3 10.3 1 
81 645818 6.89312e+06 11.4 11.4 11.4 1 
82 645779 6.89314e+06 11.4 11.4 11.4 1 
83 645779 6.89316e+06 11.5 11.5 11.5 1 
84 645819 6.89314e+06 10.5 10.5 10.5 1 
85 645914 6.89314e+06 10.3 10.3 10.3 1 
86 645859 6.89316e+06 11.3 11.3 11.3 1 
87 645869 6.89317e+06 11 11 11 1 
88 645839 6.89317e+06 11.95 11.95 11.95 1 
89 645884 6.8932e+06 9.4 9.4 9.4 1 
90 645839 6.8932e+06 10.95 10.95 10.95 1 
91 645869 6.89322e+06 9.9 9.9 9.9 1 
92 645454 6.89255e+06 1 1 1 1 
93 642505 6.89046e+06 9 9 9 1 
94 642302 6.89009e+06 11 11 11 1 
95 642492 6.89002e+06 3 3 3 1 
96 642300 6.88986e+06 11.25 11.25 11.25 1 
97 642310 6.88982e+06 11 11 11 1 
98 642410 6.88976e+06 1.6 1.6 1.6 1 
99 641120 6.88622e+06 13 13 13 1 
100 641019 6.88615e+06 10 10 10 1 
101 639964 6.88553e+06 12 12 12 1 
102 639889 6.88549e+06 12 12 12 1 
103 635925 6.88452e+06 11 11 11 1 
104 635445 6.8845e+06 11.9 11.9 11.9 1 
105 635262 6.88416e+06 12.5 12.5 12.5 1 
106 635279 6.88384e+06 12.5 12.5 12.5 1 
107 635344 6.88322e+06 8.12 8.12 8.12 1 
108 634134 6.88324e+06 13 13 13 1 
109 634384 6.88266e+06 6.5 6.5 6.5 1 
110 633409 6.88078e+06 10.2 10.2 10.2 1 
111 633131 6.88052e+06 13 13 13 1 
112 632903 6.88073e+06 3 3 3 1 
113 632794 6.88078e+06 4.2 4.2 4.2 0 
114 632532 6.88063e+06 7.8 7.8 7.8 1 
115 632580 6.88034e+06 6.7 6.7 6.7 1 
116 632529 6.88023e+06 13.2 13.2 13.2 1 
117 632270 6.88034e+06 12.5 12.5 12.5 1 
118 631841 6.88053e+06 9 9 9 1 
119 632024 6.88082e+06 10 10 10 1 
120 631633 6.88076e+06 6 6 6 1 
121 631836 6.88105e+06 9.5 9.5 9.5 1 
122 631587 6.88123e+06 10.5 10.5 10.5 1 
123 631577 6.88125e+06 9.5 9.5 9.5 1 
124 631476 6.88116e+06 11 11 11 1 
125 631476 6.88115e+06 11 11 11 1 
126 631208 6.88135e+06 13.2 13.2 13.2 1 
127 631341 6.88169e+06 6 6 6 1 
128 631161 6.88171e+06 13.3 13.3 13.3 1 
129 631080 6.88163e+06 9.6 9.6 9.6 1 
130 631874 6.88143e+06 3.5 3.5 3.5 1 
131 630754 6.88209e+06 11 11 11 1 
132 630840 6.88277e+06 12 12 12 1 
133 630607 6.88244e+06 10.9 10.9 10.9 1 
134 630469 6.88275e+06 4.5 4.5 4.5 1 
135 630286 6.88228e+06 8.4 8.4 8.4 1 
136 629715 6.88218e+06 12.2 12.2 12.2 1 
137 629524 6.88214e+06 12.2 12.2 12.2 1 
138 629450 6.88168e+06 15.4 15.4 15.4 1 
139 630424 6.88205e+06 9.3 9.3 9.3 1 
140 630702 6.8819e+06 10.2 10.2 10.2 1 
141 630652 6.88185e+06 9.6 9.6 9.6 1 
142 630380 6.88163e+06 11.2 11.2 11.2 1 
143 631029 6.88142e+06 12 12 12 1 
144 630956 6.8811e+06 3.6 3.6 3.6 1 
145 630326 6.88114e+06 11 11 11 1 
146 630159 6.88148e+06 11.4 11.4 11.4 1 
147 629685 6.88118e+06 10.2 10.2 10.2 1 
148 629883 6.8808e+06 11.2 11.2 11.2 1 
149 630322 6.88059e+06 10 10 10 1 
150 630844 6.88086e+06 3.6 3.6 3.6 1 
151 630581 6.88092e+06 5 5 5 1 
152 630712 6.8806e+06 5.5 5.5 5.5 1 
153 630799 6.88031e+06 3 3 3 1 
154 630927 6.88002e+06 11 11 11 1 
155 631065 6.8798e+06 10.6 10.6 10.6 1 
156 631095 6.87977e+06 11.8 11.8 11.8 1 
157 630974 6.87966e+06 12.7 12.7 12.7 1 
158 631464 6.8796e+06 13.34 13.34 13.34 1 
159 631425 6.87915e+06 2.5 2.5 2.5 1 
160 632153 6.87832e+06 13.62 13.62 13.62 1 
161 631964 6.87723e+06 12.8 12.8 12.8 1 
162 631774 6.87721e+06 14.4 14.4 14.4 1 
163 631933 6.87712e+06 13.7 13.7 13.7 1 
164 631890 6.87708e+06 13.8 13.8 13.8 1 
165 631913 6.87707e+06 15.5 15.5 15.5 1 
166 631863 6.87712e+06 15.5 15.5 15.5 0 
167 632093 6.87832e+06 5.78 5.78 5.78 1 
168 632043 6.87831e+06 14.14 14.14 14.14 1 
169 631987 6.88126e+06 3.6 3.6 3.6 1 
170 633252 6.88053e+06 15 15 15 1 
171 633373 6.88074e+06 12 12 12 1 
172 633919 6.88141e+06 7.2 7.2 7.2 1 
173 633845 6.88153e+06 7 7 7 1 
174 633944 6.88201e+06 12.2 12.2 12.2 1 
175 634165 6.88215e+06 8 8 8 1 
176 634366 6.88229e+06 5.5 5.5 5.5 1 
177 634197 6.88235e+06 7.5 7.5 7.5 1 
178 634007 6.88245e+06 8.9 8.9 8.9 1 
179 634198 6.88256e+06 7 7 7 1 
180 634409 6.88264e+06 9.2 9.2 9.2 1 
181 634270 6.88277e+06 8.65 8.65 8.65 1 
182 634575 6.88334e+06 9.4 9.4 9.4 1 
183 635784 6.88439e+06 10 10 10 1 
184 639616 6.88573e+06 6.8 6.8 6.8 1 
185 639905 6.8856e+06 11.44 11.44 11.44 1 
186 639855 6.88566e+06 9.86 9.86 9.86 1 
187 639895 6.88571e+06 12 12 12 1 
188 639936 6.88574e+06 15 15 15 1 
189 639990 6.8857e+06 10.1 10.1 10.1 1 
190 640045 6.88567e+06 8.35 8.35 8.35 1 
191 640105 6.8857e+06 7.8 7.8 7.8 1 
192 639996 6.88575e+06 10 10 10 1 
193 640026 6.88577e+06 8.8 8.8 8.8 1 
194 639967 6.88587e+06 5.25 5.25 5.25 1 
195 639937 6.8859e+06 12 12 12 1 
196 641130 6.88622e+06 13.5 13.5 13.5 1 
197 641125 6.88622e+06 14.6 14.6 14.6 1 
198 641170 6.88622e+06 14.6 14.6 14.6 1 
199 641130 6.88624e+06 9.26 9.26 9.26 1 
200 641120 6.88625e+06 9.6 9.6 9.6 1 
201 641663 6.8878e+06 7 7 7 1 
202 641623 6.88781e+06 9 9 9 1 
203 641603 6.88781e+06 8 8 8 1 
204 658486 6.90188e+06 8.7 8.7 8.7 1 
205 658372 6.90267e+06 13 13 13 1 
206 658995 6.90294e+06 9.3 9.3 9.3 1 
207 660114 6.90514e+06 9 9 9 0 
208 659149 6.90586e+06 13 13 13 1 
209 659419 6.90582e+06 13 13 13 1 
210 660114 6.90514e+06 9 9 9 1 
211 661479 6.90687e+06 11.9 11.9 11.9 1 
212 661081 6.90719e+06 13.8 13.8 13.8 1 
213 660624 6.9075e+06 13.5 13.5 13.5 1 
214 661649 6.9069e+06 14.75 14.75 14.75 1 
215 661683 6.90734e+06 7.1 7.1 7.1 1 
216 661955 6.90704e+06 9.55 9.55 9.55 1 
217 662002 6.90721e+06 13.6 13.6 13.6 1 
218 662262 6.90716e+06 8 8 8 1 
219 662231 6.9071e+06 11.7 11.7 11.7 1 
220 662948 6.90784e+06 7.1 7.1 7.1 1 
221 663411 6.90822e+06 11.7 11.7 11.7 1 
222 663534 6.90853e+06 5 5 5 1 
223 663474 6.90856e+06 8 8 8 1 
224 661072 6.90966e+06 8.5 8.5 8.5 1 
225 662382 6.90956e+06 5.4 5.4 5.4 1 
226 664281 6.90937e+06 5.45 5.45 5.45 1 
227 664306 6.90993e+06 8 8 8 1 
228 669343 6.91174e+06 7 7 7 1 
229 671049 6.91235e+06 5.7 5.7 5.7 1 
230 673205 6.91296e+06 5.99 5.99 5.99 1 
231 672306 6.91545e+06 4.5 4.5 4.5 1 
232 671853 6.91514e+06 4.5 4.5 4.5 1 
233 674394 6.91329e+06 8 8 8 1 
234 677025 6.91184e+06 4 4 4 1 
235 679772 6.91231e+06 13 13 13 1 
236 679784 6.91249e+06 9.48 9.48 9.48 0 
237 680136 6.91269e+06 9 9 9 1 
238 680450 6.91206e+06 2.5 2.5 2.5 1 
239 681462 6.91336e+06 6.45 6.45 6.45 1 
240 682378 6.91625e+06 9.6 9.6 9.6 1 
241 682639 6.91637e+06 8.6 8.6 8.6 1 
242 682340 6.91657e+06 2 2 2 1 
243 682300 6.91659e+06 5.1 5.1 5.1 1 
244 682481 6.91668e+06 6 6 6 1 
245 682761 6.91663e+06 9 9 9 1 
246 682893 6.91681e+06 7.6 7.6 7.6 1 
247 682844 6.91697e+06 7.8 7.8 7.8 1 
248 682014 6.917e+06 5.6 5.6 5.6 1 
249 682126 6.9172e+06 3.25 3.25 3.25 1 
250 682606 6.91722e+06 6.1 6.1 6.1 1 
251 682247 6.91738e+06 11 11 11 1 
252 682790 6.91771e+06 5.9 5.9 5.9 1 
253 685231 6.92231e+06 7 7 7 1 
254 689942 6.9267e+06 7.05 7.05 7.05 1 
255 691361 6.93e+06 5.2 5.2 5.2 1 
256 691794 6.93027e+06 10.5 10.5 10.5 1 
257 692384 6.93021e+06 4.5 4.5 4.5 1 
258 692486 6.93043e+06 5.8 5.8 5.8 1 
259 694894 6.93353e+06 4.3 4.3 4.3 1 
260 695522 6.93434e+06 10.1 10.1 10.1 1 
261 696951 6.9376e+06 3.7 3.7 3.7 1 
262 701365 6.94117e+06 11.2 11.2 11.2 1 
263 705138 6.94228e+06 8.75 8.75 8.75 1 
264 716842 6.94528e+06 7.4 7.4 7.4 1 
265 716711 6.94633e+06 6.6 6.6 6.6 1 
266 719459 6.94803e+06 6.4 6.4 6.4 1 
267 719788 6.94793e+06 6.6 6.6 6.6 1 
268 720543 6.94846e+06 9 9 9 1 
269 720415 6.94868e+06 6.2 6.2 6.2 1 
270 721289 6.94907e+06 6.4 6.4 6.4 1 
271 721560 6.94912e+06 6.6 6.6 6.6 1 
272 721831 6.94918e+06 6.7 6.7 6.7 1 
273 722102 6.94928e+06 6.3 6.3 6.3 1 
274 722332 6.94932e+06 7 7 7 1 
275 722443 6.94938e+06 6.6 6.6 6.6 1 
276 722592 6.94933e+06 6.4 6.4 6.4 1 
277 723616 6.94961e+06 6.8 6.8 6.8 1 
278 723966 6.94964e+06 7 7 7 1 
279 724147 6.94972e+06 9.4 9.4 9.4 1 
280 724397 6.94969e+06 7.6 7.6 7.6 1 
281 724668 6.94977e+06 8 8 8 1 
282 725018 6.94974e+06 7.8 7.8 7.8 1 
283 725168 6.94976e+06 8.2 8.2 8.2 1 
284 725479 6.94979e+06 7.8 7.8 7.8 1 
285 725659 6.94983e+06 7.6 7.6 7.6 1 
286 726020 6.94987e+06 8.2 8.2 8.2 1 
287 726180 6.94985e+06 5.6 5.6 5.6 1 
288 726300 6.94986e+06 6.2 6.2 6.2 1 
289 726400 6.94988e+06 6.4 6.4 6.4 1 
290 726541 6.95103e+06 12 12 12 1 
291 724247 6.94973e+06 8.2 8.2 8.2 1 
292 724347 6.94974e+06 2.4 2.4 2.4 1 
293 722953 6.95045e+06 6.85 6.85 6.85 1 
294 724466 6.95073e+06 11.13 11.13 11.13 1 
295 725075 6.95052e+06 8.5 8.5 8.5 1 
296 724965 6.95052e+06 10 10 10 1 
297 724007 6.94973e+06 7.35 7.35 7.35 1 
298 723585 6.94959e+06 2.2 2.2 2.2 1 
299 723285 6.94921e+06 6.2 6.2 6.2 1 
300 723162 6.94913e+06 6.2 6.2 6.2 1 
301 723082 6.94914e+06 5.6 5.6 5.6 1 
302 722952 6.94913e+06 6 6 6 1 
303 722828 6.94912e+06 5.6 5.6 5.6 1 
304 722771 6.94901e+06 7.6 7.6 7.6 1 
305 722902 6.94902e+06 6.3 6.3 6.3 1 
306 723017 6.94903e+06 7.3 7.3 7.3 1 
307 723169 6.94905e+06 5.7 5.7 5.7 1 
308 723294 6.94906e+06 6.7 6.7 6.7 1 
309 723420 6.94907e+06 8.2 8.2 8.2 1 
310 723571 6.94909e+06 6.7 6.7 6.7 1 
311 723821 6.94912e+06 7.8 7.8 7.8 1 
312 723588 6.94894e+06 8.7 8.7 8.7 1 
313 723482 6.94894e+06 7.5 7.5 7.5 1 
314 723309 6.94891e+06 8 8 8 1 
315 723216 6.94886e+06 6.4 6.4 6.4 1 
316 723109 6.94889e+06 7.2 7.2 7.2 1 
317 722966 6.94893e+06 6.8 6.8 6.8 1 
318 722845 6.94892e+06 6.7 6.7 6.7 1 
319 722974 6.94883e+06 7.4 7.4 7.4 1 
320 723119 6.94877e+06 7.4 7.4 7.4 1 
321 723317 6.94876e+06 8 8 8 1 
322 723443 6.94882e+06 8 8 8 1 
323 723604 6.94878e+06 6.8 6.8 6.8 1 
324 724085 6.9484e+06 7 7 7 1 
325 723542 6.94763e+06 8.25 8.25 8.25 1 
326 723513 6.94705e+06 2.2 2.2 2.2 1 
327 722754 6.94944e+06 3.2 3.2 3.2 1 
328 722432 6.94935e+06 2.4 2.4 2.4 1 
329 721737 6.94858e+06 8 8 8 1 
330 721648 6.95118e+06 12.43 12.43 12.43 1 
331 721609 6.95121e+06 3.9 3.9 3.9 1 
332 721658 6.95118e+06 3.2 3.2 3.2 1 
333 721588 6.95112e+06 2.8 2.8 2.8 1 
334 721728 6.95114e+06 3.2 3.2 3.2 1 
335 721709 6.9512e+06 4.4 4.4 4.4 1 
336 721593 6.95168e+06 3.81 3.81 3.81 1 
337 721127 6.95216e+06 3.9 3.9 3.9 1 
338 721592 6.9483e+06 9.5 9.5 9.5 1 
339 721711 6.9484e+06 8.7 8.7 8.7 1 
340 721607 6.9485e+06 9.3 9.3 9.3 1 
341 721625 6.94863e+06 8 8 8 1 
342 721714 6.94879e+06 6.7 6.7 6.7 1 
343 721779 6.94892e+06 5.8 5.8 5.8 1 
344 721560 6.94916e+06 7.6 7.6 7.6 1 
345 721535 6.94915e+06 7.6 7.6 7.6 1 
346 721647 6.94899e+06 6.8 6.8 6.8 1 
347 721574 6.94892e+06 8.7 8.7 8.7 1 
348 721503 6.94885e+06 7 7 7 1 
349 721498 6.94873e+06 6.3 6.3 6.3 1 
350 721558 6.94867e+06 7.2 7.2 7.2 1 
351 721412 6.94879e+06 7.4 7.4 7.4 1 
352 721333 6.94872e+06 6 6 6 1 
353 721267 6.94874e+06 7.2 7.2 7.2 1 
354 721266 6.94871e+06 7.4 7.4 7.4 1 
355 721253 6.94882e+06 7.8 7.8 7.8 1 
356 721373 6.94954e+06 6.5 6.5 6.5 1 
357 721003 6.94952e+06 7.25 7.25 7.25 1 
358 721253 6.94946e+06 6.3 6.3 6.3 1 
359 720962 6.94937e+06 8.24 8.24 8.24 1 
360 720750 6.94919e+06 5.15 5.15 5.15 0 
361 720750 6.94919e+06 7 7 7 1 
362 720649 6.94911e+06 5.16 5.16 5.16 1 
363 720568 6.94904e+06 8.6 8.6 8.6 1 
364 720369 6.94911e+06 11 11 11 1 
365 720309 6.94913e+06 8 8 8 1 
366 720377 6.94887e+06 9.8 9.8 9.8 1 
367 720236 6.94878e+06 5.13 5.13 5.13 1 
368 720256 6.9488e+06 5.15 5.15 5.15 0 
369 720256 6.9488e+06 7.2 7.2 7.2 1 
370 720253 6.94879e+06 5.4 5.4 5.4 1 
371 720723 6.94841e+06 7.6 7.6 7.6 1 
372 720533 6.94849e+06 9 9 9 1 
373 720054 6.94861e+06 5.15 5.15 5.15 0 
374 720054 6.94861e+06 8.4 8.4 8.4 1 
375 719711 6.94832e+06 5.08 5.08 5.08 0 
376 719711 6.94832e+06 6.8 6.8 6.8 1 
377 719789 6.94823e+06 7.1 7.1 7.1 1 
378 719903 6.9481e+06 6 6 6 1 
379 719754 6.94805e+06 7.2 7.2 7.2 1 
380 719349 6.94805e+06 6.5 6.5 6.5 1 
381 718439 6.94703e+06 6 6 6 1 
382 718404 6.94704e+06 4.1 4.1 4.1 1 
383 718268 6.94692e+06 4.2 4.2 4.2 1 
384 718122 6.94683e+06 4.2 4.2 4.2 1 
385 717582 6.94634e+06 5.2 5.2 5.2 1 
386 717174 6.946e+06 5.3 5.3 5.3 1 
387 715606 6.9448e+06 2.8 2.8 2.8 1 
388 715581 6.94486e+06 1.1 1.1 1.1 1 
389 716862 6.94522e+06 8.2 8.2 8.2 1 
390 716841 6.94518e+06 5.5 5.5 5.5 1 
391 716140 6.94506e+06 8.5 8.5 8.5 1 
392 716273 6.94491e+06 9 9 9 1 
393 716260 6.94497e+06 9 9 9 1 
394 717688 6.94476e+06 12.5 12.5 12.5 1 
395 716626 6.94572e+06 7.4 7.4 7.4 1 
396 716595 6.94568e+06 8.2 8.2 8.2 1 
397 716389 6.94502e+06 9 9 9 1 
398 716365 6.94504e+06 9 9 9 1 
399 716967 6.94583e+06 6 6 6 1 
400 716484 6.94552e+06 7 7 7 1 
401 715648 6.94487e+06 0.4 0.4 0.4 1 
402 715518 6.94479e+06 1.9 1.9 1.9 1 
403 716893 6.94652e+06 14.3 14.3 14.3 1 
404 716458 6.94485e+06 10.78 10.78 10.78 1 
405 714655 6.94467e+06 7.65 7.65 7.65 1 
406 712505 6.9429e+06 4 4 4 1 
407 712498 6.94292e+06 6.2 6.2 6.2 1 
408 712307 6.94278e+06 6.8 6.8 6.8 1 
409 712940 6.94222e+06 8 8 8 1 
410 711985 6.94377e+06 5 5 5 1 
411 709332 6.94249e+06 4.3 4.3 4.3 1 
412 708929 6.94212e+06 7.3 7.3 7.3 1 
413 708989 6.94214e+06 7 7 7 1 
414 705846 6.94205e+06 6 6 6 1 
415 705145 6.94198e+06 6.3 6.3 6.3 1 
416 703796 6.94106e+06 6.9 6.9 6.9 1 
417 702508 6.9391e+06 5.1 5.1 5.1 1 
418 701532 6.94115e+06 5.5 5.5 5.5 1 
419 700989 6.94042e+06 5.5 5.5 5.5 1 
420 700423 6.94098e+06 4 4 4 1 
421 700224 6.94108e+06 4 4 4 1 
422 700063 6.941e+06 4 4 4 1 
423 699831 6.94189e+06 5.6 5.6 5.6 1 
424 699845 6.94187e+06 4.5 4.5 4.5 1 
425 699693 6.94099e+06 4 4 4 1 
426 700059 6.94e+06 5.1 5.1 5.1 1 
427 700044 6.94003e+06 4.6 4.6 4.6 1 
428 700034 6.94001e+06 4.6 4.6 4.6 1 
429 700269 6.93939e+06 1.4 1.4 1.4 1 
430 700071 6.93964e+06 2.5 2.5 2.5 1 
431 697654 6.94018e+06 1.7 1.7 1.7 1 
432 697631 6.93963e+06 1.8 1.8 1.8 1 
433 697784 6.93959e+06 4.6 4.6 4.6 1 
434 697953 6.93956e+06 2.5 2.5 2.5 1 
435 698229 6.93951e+06 6 6 6 1 
436 698288 6.93946e+06 5.3 5.3 5.3 1 
437 698050 6.9394e+06 4.3 4.3 4.3 1 
438 697866 6.93945e+06 2 2 2 1 
439 697688 6.93945e+06 5 5 5 1 
440 697961 6.9393e+06 2.2 2.2 2.2 1 
441 697874 6.93918e+06 2 2 2 1 
442 697716 6.93918e+06 5 5 5 1 
443 697785 6.93905e+06 2.1 2.1 2.1 1 
444 697713 6.93893e+06 5 5 5 1 
445 697642 6.93882e+06 5 5 5 1 
446 697651 6.9386e+06 8.12 8.12 8.12 1 
447 697972 6.93892e+06 8.2 8.2 8.2 1 
448 697397 6.93807e+06 11 11 11 1 
449 697241 6.93759e+06 10.5 10.5 10.5 1 
450 697449 6.93737e+06 4.75 4.75 4.75 1 
451 697556 6.93588e+06 6 6 6 1 
452 697150 6.93748e+06 6.8 6.8 6.8 1 
453 697118 6.93718e+06 3 3 3 1 
454 697154 6.93724e+06 10.5 10.5 10.5 1 
455 697078 6.93718e+06 3.5 3.5 3.5 1 
456 696998 6.9372e+06 4.5 4.5 4.5 1 
457 697402 6.93597e+06 10.4 10.4 10.4 1 
458 696950 6.93523e+06 8.4 8.4 8.4 1 
459 696654 6.93463e+06 7.1 7.1 7.1 1 
460 696471 6.93422e+06 7.2 7.2 7.2 1 
461 696150 6.9341e+06 7.3 7.3 7.3 1 
462 695944 6.93339e+06 5 5 5 1 
463 696368 6.93277e+06 6 6 6 1 
464 695698 6.93392e+06 7.2 7.2 7.2 1 
465 695701 6.93392e+06 12.9 12.9 12.9 1 
466 695508 6.93397e+06 7.7 7.7 7.7 1 
467 695529 6.93398e+06 7.7 7.7 7.7 1 
468 695468 6.93391e+06 5.2 5.2 5.2 1 
469 695502 6.93432e+06 3.55 3.55 3.55 1 
470 695532 6.93436e+06 8.45 8.45 8.45 1 
471 695552 6.93438e+06 5.1 5.1 5.1 1 
472 695602 6.93432e+06 7 7 7 1 
473 695380 6.93413e+06 7.5 7.5 7.5 1 
474 695340 6.93413e+06 7.7 7.7 7.7 1 
475 695330 6.93413e+06 7.7 7.7 7.7 1 
476 695301 6.93425e+06 7.7 7.7 7.7 1 
477 695372 6.93436e+06 7.7 7.7 7.7 1 
478 695068 6.93376e+06 4.6 4.6 4.6 1 
479 695124 6.93403e+06 8.8 8.8 8.8 0 
480 695124 6.93403e+06 7.8 7.8 7.8 1 
481 695502 6.93442e+06 7.7 7.7 7.7 1 
482 694701 6.93429e+06 8.8 8.8 8.8 1 
483 694731 6.93427e+06 8.6 8.6 8.6 1 
484 694731 6.93432e+06 7.9 7.9 7.9 1 
485 694781 6.93426e+06 8.3 8.3 8.3 1 
486 694700 6.93422e+06 9.1 9.1 9.1 1 
487 694661 6.93426e+06 8.7 8.7 8.7 1 
488 694171 6.93354e+06 7.1 7.1 7.1 1 
489 694580 6.93364e+06 5.7 5.7 5.7 1 
490 694831 6.9337e+06 8.1 8.1 8.1 1 
491 694983 6.93334e+06 3 3 3 1 
492 694914 6.93345e+06 6 6 6 1 
493 694894 6.93345e+06 6 6 6 1 
494 694944 6.93353e+06 3.5 3.5 3.5 1 
495 694934 6.93353e+06 6 6 6 1 
496 694813 6.93333e+06 4 4 4 1 
497 695380 6.93183e+06 1.2 1.2 1.2 1 
498 693442 6.93334e+06 8.9 8.9 8.9 1 
499 693387 6.93338e+06 10 10 10 1 
500 693442 6.93338e+06 11.2 11.2 11.2 1 
501 693348 6.93281e+06 7 7 7 1 
502 692885 6.93255e+06 7.5 7.5 7.5 1 
503 693046 6.93238e+06 6.1 6.1 6.1 1 
504 692943 6.93239e+06 9 9 9 1 
505 692897 6.93221e+06 9.1 9.1 9.1 1 
506 692850 6.9321e+06 4 4 4 1 
507 693310 6.93202e+06 6.6 6.6 6.6 1 
508 692711 6.93184e+06 7.5 7.5 7.5 1 
509 692605 6.93163e+06 8.75 8.75 8.75 1 
510 692865 6.93144e+06 4.1 4.1 4.1 1 
511 692954 6.93133e+06 5 5 5 1 
512 692494 6.9314e+06 10.5 10.5 10.5 1 
513 692321 6.93108e+06 7.2 7.2 7.2 1 
514 692357 6.93116e+06 11.2 11.2 11.2 1 
515 692231 6.93116e+06 4 4 4 1 
516 692138 6.93095e+06 5.7 5.7 5.7 1 
517 693339 6.92962e+06 4 4 4 1 
518 691592 6.92996e+06 5 5 5 1 
519 691789 6.93089e+06 3 3 3 1 
520 691822 6.93071e+06 5 5 5 1 
521 691579 6.93072e+06 3 3 3 1 
522 691567 6.93061e+06 8.15 8.15 8.15 1 
523 691291 6.93014e+06 5.4 5.4 5.4 1 
524 691090 6.92985e+06 10 10 10 1 
525 691165 6.93046e+06 8.05 8.05 8.05 1 
526 691616 6.92876e+06 8 8 8 1 
527 690640 6.92895e+06 5.5 5.5 5.5 1 
528 690949 6.92865e+06 6.5 6.5 6.5 1 
529 690613 6.92863e+06 8.3 8.3 8.3 1 
530 690514 6.92841e+06 4.3 4.3 4.3 1 
531 691099 6.92805e+06 4.6 4.6 4.6 1 
532 691517 6.92779e+06 4.8 4.8 4.8 1 
533 691191 6.92762e+06 4 4 4 1 
534 690915 6.92755e+06 4.4 4.4 4.4 1 
535 690290 6.92823e+06 10.5 10.5 10.5 1 
536 690107 6.9284e+06 5.6 5.6 5.6 1 
537 690423 6.92799e+06 4.9 4.9 4.9 1 
538 690389 6.92788e+06 10 10 10 1 
539 691231 6.92734e+06 8 8 8 1 
540 691058 6.9273e+06 3.6 3.6 3.6 1 
541 690636 6.92712e+06 4.8 4.8 4.8 1 
542 690396 6.9275e+06 6 6 6 1 
543 690225 6.92699e+06 6.1 6.1 6.1 1 
544 690236 6.927e+06 5.2 5.2 5.2 1 
545 690237 6.92701e+06 6.5 6.5 6.5 1 
546 690124 6.9269e+06 8.1 8.1 8.1 1 
547 690074 6.92695e+06 5.3 5.3 5.3 1 
548 690178 6.92675e+06 5.5 5.5 5.5 1 
549 690015 6.92658e+06 7.5 7.5 7.5 1 
550 690261 6.92663e+06 1.5 1.5 1.5 1 
551 689910 6.9265e+06 9.1 9.1 9.1 1 
552 689711 6.92636e+06 11 11 11 1 
553 689473 6.92637e+06 8.2 8.2 8.2 1 
554 689699 6.92585e+06 4.5 4.5 4.5 1 
555 689174 6.92615e+06 9 9 9 1 
556 688779 6.9264e+06 3.1 3.1 3.1 1 
557 688838 6.92636e+06 6 6 6 1 
558 688629 6.92643e+06 4.1 4.1 4.1 1 
559 688699 6.92641e+06 4.2 4.2 4.2 1 
560 688489 6.92646e+06 4.1 4.1 4.1 1 
561 688359 6.9265e+06 6 6 6 1 
562 688862 6.92567e+06 5.5 5.5 5.5 1 
563 688873 6.9257e+06 6.5 6.5 6.5 1 
564 688853 6.92569e+06 6.9 6.9 6.9 1 
565 689471 6.92547e+06 5.6 5.6 5.6 1 
566 689818 6.92569e+06 4.6 4.6 4.6 1 
567 688896 6.92545e+06 8.2 8.2 8.2 1 
568 688813 6.92578e+06 5.5 5.5 5.5 1 
569 688833 6.92579e+06 5.45 5.45 5.45 1 
570 688553 6.92576e+06 6 6 6 1 
571 688603 6.9257e+06 5.85 5.85 5.85 1 
572 688694 6.92589e+06 5.7 5.7 5.7 1 
573 688315 6.92566e+06 7.2 7.2 7.2 1 
574 688319 6.92566e+06 7.2 7.2 7.2 1 
575 688251 6.92552e+06 6 6 6 1 
576 688089 6.92532e+06 2.9 2.9 2.9 1 
577 687959 6.92532e+06 7.7 7.7 7.7 1 
578 687622 6.92565e+06 9.5 9.5 9.5 1 
579 687373 6.92579e+06 7.48 7.48 7.48 1 
580 687310 6.9255e+06 7.6 7.6 7.6 1 
581 687310 6.92547e+06 8.1 8.1 8.1 1 
582 686892 6.92464e+06 5.85 5.85 5.85 1 
583 687142 6.92457e+06 8.8 8.8 8.8 1 
584 686347 6.92408e+06 8.5 8.5 8.5 1 
585 686167 6.92403e+06 8.5 8.5 8.5 1 
586 686023 6.92362e+06 10 10 10 1 
587 685952 6.92354e+06 8 8 8 1 
588 685372 6.92359e+06 9.2 9.2 9.2 1 
589 685786 6.92396e+06 7 7 7 1 
590 685955 6.92388e+06 11.1 11.1 11.1 1 
591 685499 6.92313e+06 8.2 8.2 8.2 1 
592 685409 6.92316e+06 8 8 8 1 
593 685197 6.92301e+06 6.7 6.7 6.7 1 
594 685147 6.92296e+06 8 8 8 1 
595 684996 6.92289e+06 5.9 5.9 5.9 1 
596 685100 6.92328e+06 5.8 5.8 5.8 1 
597 685249 6.92321e+06 8.5 8.5 8.5 1 
598 684941 6.92232e+06 7.2 7.2 7.2 1 
599 685204 6.92259e+06 5.8 5.8 5.8 1 
600 685231 6.92231e+06 7.5 7.5 7.5 1 
601 685391 6.92224e+06 5.75 5.75 5.75 1 
602 685342 6.92237e+06 6 6 6 1 
603 685384 6.9226e+06 6.6 6.6 6.6 1 
604 684980 6.92213e+06 14.6 14.6 14.6 1 
605 685039 6.92204e+06 6.05 6.05 6.05 1 
606 685122 6.92234e+06 6.2 6.2 6.2 1 
607 685180 6.92217e+06 7 7 7 1 
608 684709 6.92211e+06 5.5 5.5 5.5 1 
609 684719 6.9221e+06 8.5 8.5 8.5 1 
610 684589 6.92206e+06 8.3 8.3 8.3 1 
611 684540 6.92217e+06 7.1 7.1 7.1 1 
612 684460 6.92226e+06 8.9 8.9 8.9 1 
613 684708 6.92191e+06 10.4 10.4 10.4 1 
614 685088 6.92193e+06 6 6 6 1 
615 685115 6.92155e+06 6.4 6.4 6.4 1 
616 685040 6.92152e+06 3.6 3.6 3.6 1 
617 685195 6.92146e+06 3.2 3.2 3.2 1 
618 685406 6.92289e+06 6.8 6.8 6.8 1 
619 685336 6.92287e+06 7.4 7.4 7.4 1 
620 685356 6.92284e+06 7.2 7.2 7.2 1 
621 685166 6.92288e+06 9.2 9.2 9.2 1 
622 684785 6.92166e+06 4 4 4 1 
623 684504 6.92156e+06 7.5 7.5 7.5 1 
624 684654 6.92152e+06 4 4 4 1 
625 684771 6.92117e+06 5.5 5.5 5.5 1 
626 684287 6.92068e+06 6.5 6.5 6.5 1 
627 684785 6.9205e+06 4.8 4.8 4.8 1 
628 684644 6.92034e+06 2.75 2.75 2.75 1 
629 684674 6.92038e+06 3.7 3.7 3.7 1 
630 683905 6.91992e+06 7.5 7.5 7.5 1 
631 683908 6.91974e+06 7.5 7.5 7.5 1 
632 683668 6.91972e+06 8.7 8.7 8.7 1 
633 684286 6.9194e+06 3.5 3.5 3.5 1 
634 684014 6.91928e+06 4 4 4 1 
635 683913 6.91906e+06 4 4 4 1 
636 683233 6.91918e+06 8.5 8.5 8.5 1 
637 683536 6.91835e+06 4 4 4 1 
638 683266 6.9184e+06 5.2 5.2 5.2 1 
639 682828 6.91857e+06 9 9 9 1 
640 683232 6.91802e+06 6.2 6.2 6.2 1 
641 683223 6.91803e+06 6.4 6.4 6.4 1 
642 683236 6.91804e+06 6 6 6 1 
643 683234 6.91803e+06 6 6 6 1 
644 683244 6.91802e+06 7 7 7 1 
645 683143 6.91798e+06 5 5 5 1 
646 682353 6.91804e+06 3.91 3.91 3.91 1 
647 681920 6.91777e+06 9.4 9.4 9.4 1 
648 682720 6.91768e+06 8 8 8 1 
649 682840 6.91773e+06 7 7 7 1 
650 682841 6.91778e+06 5 5 5 1 
651 682891 6.91776e+06 1.6 1.6 1.6 1 
652 682951 6.91781e+06 8.05 8.05 8.05 1 
653 682991 6.91787e+06 6.6 6.6 6.6 1 
654 683290 6.91766e+06 6 6 6 1 
655 683409 6.91757e+06 3.1 3.1 3.1 1 
656 683347 6.91726e+06 3.7 3.7 3.7 1 
657 681739 6.91756e+06 5.5 5.5 5.5 1 
658 681818 6.9175e+06 7.7 7.7 7.7 1 
659 681957 6.91733e+06 8.8 8.8 8.8 1 
660 681974 6.91706e+06 4 4 4 1 
661 682667 6.9173e+06 7.2 7.2 7.2 1 
662 682687 6.91737e+06 1.5 1.5 1.5 1 
663 682378 6.91749e+06 7 7 7 1 
664 682099 6.9176e+06 6.8 6.8 6.8 1 
665 682762 6.91672e+06 8.8 8.8 8.8 1 
666 682721 6.91666e+06 10.1 10.1 10.1 1 
667 683519 6.91634e+06 2.2 2.2 2.2 1 
668 682983 6.9157e+06 0.9 0.9 0.9 1 
669 681491 6.91667e+06 3.6 3.6 3.6 1 
670 681264 6.91661e+06 7.8 7.8 7.8 1 
671 681358 6.91636e+06 2.9 2.9 2.9 1 
672 681625 6.91626e+06 5 5 5 1 
673 681956 6.91616e+06 3.2 3.2 3.2 1 
674 682035 6.91568e+06 5.4 5.4 5.4 1 
675 681480 6.91544e+06 9.7 9.7 9.7 1 
676 681825 6.91593e+06 7.5 7.5 7.5 1 
677 681285 6.91602e+06 6.3 6.3 6.3 1 
678 681067 6.91624e+06 5.7 5.7 5.7 1 
679 680655 6.91605e+06 13.4 13.4 13.4 1 
680 681231 6.91554e+06 5.7 5.7 5.7 1 
681 680741 6.91554e+06 2.8 2.8 2.8 1 
682 682153 6.91458e+06 2.15 2.15 2.15 1 
683 681126 6.91499e+06 10 10 10 1 
684 680495 6.91488e+06 5.2 5.2 5.2 1 
685 680192 6.91454e+06 5 5 5 1 
686 680178 6.91409e+06 5.4 5.4 5.4 1 
687 681265 6.91368e+06 6.4 6.4 6.4 1 
688 681164 6.91359e+06 7.5 7.5 7.5 1 
689 681363 6.91341e+06 6 6 6 1 
690 681322 6.91334e+06 7 7 7 1 
691 681060 6.91314e+06 3.5 3.5 3.5 1 
692 681524 6.91242e+06 8.3 8.3 8.3 1 
693 680418 6.91297e+06 5 5 5 1 
694 680323 6.91356e+06 8.2 8.2 8.2 1 
695 679784 6.91249e+06 9.28 9.28 9.28 1 
696 679494 6.9125e+06 7.62 7.62 7.62 1 
697 679483 6.91246e+06 6.75 6.75 6.75 1 
698 678204 6.9126e+06 8.7 8.7 8.7 1 
699 677254 6.91257e+06 13.5 13.5 13.5 1 
700 677076 6.91284e+06 4.5 4.5 4.5 1 
701 677129 6.9121e+06 3.15 3.15 3.15 1 
702 677059 6.91209e+06 6.3 6.3 6.3 1 
703 677241 6.91346e+06 5.8 5.8 5.8 1 
704 677251 6.91348e+06 5.8 5.8 5.8 1 
705 677263 6.91366e+06 7.8 7.8 7.8 1 
706 677063 6.91365e+06 5.8 5.8 5.8 1 
707 676763 6.91371e+06 6 6 6 1 
708 675712 6.91243e+06 2.1 2.1 2.1 1 
709 675752 6.91367e+06 6.55 6.55 6.55 1 
710 675776 6.91413e+06 4 4 4 1 
711 674825 6.91399e+06 7.8 7.8 7.8 1 
712 674254 6.91271e+06 9 9 9 1 
713 673525 6.91407e+06 9.3 9.3 9.3 1 
714 673338 6.91323e+06 4.8 4.8 4.8 1 
715 673322 6.91253e+06 3.1 3.1 3.1 1 
716 673721 6.91238e+06 5.9 5.9 5.9 1 
717 672607 6.91321e+06 2.7 2.7 2.7 1 
718 672407 6.91204e+06 6.25 6.25 6.25 1 
719 671865 6.91188e+06 4.5 4.5 4.5 1 
720 671945 6.91188e+06 8.45 8.45 8.45 1 
721 671350 6.91242e+06 3.9 3.9 3.9 1 
722 671293 6.91158e+06 8.7 8.7 8.7 1 
723 670977 6.91207e+06 5.65 5.65 5.65 1 
724 670976 6.91202e+06 5.8 5.8 5.8 1 
725 671006 6.91203e+06 7.1 7.1 7.1 1 
726 670822 6.91275e+06 2 2 2 1 
727 670933 6.91163e+06 8.5 8.5 8.5 1 
728 670523 6.91165e+06 5.8 5.8 5.8 1 
729 670464 6.91173e+06 9.5 9.5 9.5 1 
730 670320 6.91128e+06 6.4 6.4 6.4 1 
731 669865 6.91189e+06 13 13 13 1 
732 669703 6.91166e+06 11 11 11 1 
733 669362 6.91165e+06 9 9 9 1 
734 669293 6.9117e+06 6.5 6.5 6.5 1 
735 669293 6.91174e+06 7.5 7.5 7.5 1 
736 669243 6.91176e+06 11 11 11 1 
737 669143 6.91175e+06 9.3 9.3 9.3 1 
738 669133 6.91174e+06 10.3 10.3 10.3 1 
739 669103 6.91169e+06 12 12 12 1 
740 669123 6.91176e+06 9.5 9.5 9.5 1 
741 669164 6.91178e+06 9.3 9.3 9.3 1 
742 669154 6.91178e+06 8.5 8.5 8.5 1 
743 669104 6.91179e+06 10.2 10.2 10.2 1 
744 669214 6.91182e+06 11 11 11 1 
745 669194 6.91179e+06 9 9 9 1 
746 669174 6.91183e+06 7 7 7 1 
747 669187 6.91185e+06 2.5 2.5 2.5 1 
748 669143 6.91166e+06 11.7 11.7 11.7 1 
749 669026 6.91204e+06 6.5 6.5 6.5 1 
750 667804 6.91205e+06 8.1 8.1 8.1 1 
751 667164 6.91192e+06 6 6 6 1 
752 667023 6.91182e+06 7.5 7.5 7.5 1 
753 667043 6.9118e+06 6.6 6.6 6.6 1 
754 664865 6.91102e+06 3.8 3.8 3.8 1 
755 663953 6.90966e+06 1.6 1.6 1.6 1 
756 663947 6.90947e+06 6 6 6 1 
757 664061 6.90932e+06 8.3 8.3 8.3 1 
758 663968 6.90903e+06 8.5 8.5 8.5 1 
759 664128 6.90904e+06 8.5 8.5 8.5 1 
760 664300 6.90926e+06 9.5 9.5 9.5 1 
761 669743 6.91285e+06 6.8 6.8 6.8 1 
762 669173 6.91289e+06 4.4 4.4 4.4 1 
763 669242 6.91275e+06 5.4 5.4 5.4 1 
764 669132 6.91273e+06 5.6 5.6 5.6 1 
765 669311 6.91263e+06 6.6 6.6 6.6 1 
766 669451 6.91259e+06 5.2 5.2 5.2 1 
767 669479 6.91243e+06 5.8 5.8 5.8 1 
768 669460 6.91248e+06 5.6 5.6 5.6 1 
769 669359 6.91242e+06 6.2 6.2 6.2 1 
770 669350 6.91249e+06 5.2 5.2 5.2 1 
771 669250 6.91248e+06 5.8 5.8 5.8 1 
772 669268 6.91234e+06 5.4 5.4 5.4 1 
773 668787 6.91226e+06 6.6 6.6 6.6 1 
774 668948 6.91234e+06 4.7 4.7 4.7 1 
775 668689 6.91244e+06 4.7 4.7 4.7 1 
776 668430 6.91258e+06 5 5 5 1 
777 668292 6.91279e+06 4.6 4.6 4.6 1 
778 667525 6.91256e+06 5.6 5.6 5.6 1 
779 669689 6.91126e+06 6 6 6 1 
780 668795 6.9108e+06 6 6 6 1 
781 668787 6.91099e+06 3.8 3.8 3.8 1 
782 668798 6.91121e+06 6 6 6 1 
783 667869 6.91146e+06 7.9 7.9 7.9 1 
784 667806 6.91112e+06 6 6 6 1 
785 667587 6.9111e+06 9 9 9 1 
786 667187 6.91113e+06 6 6 6 1 
787 667216 6.91096e+06 4.1 4.1 4.1 1 
788 666107 6.91e+06 4.2 4.2 4.2 1 
789 666037 6.91e+06 5.2 5.2 5.2 1 
790 665967 6.90999e+06 4.2 4.2 4.2 1 
791 665947 6.91005e+06 10 10 10 1 
792 665817 6.91001e+06 4.2 4.2 4.2 1 
793 665707 6.91003e+06 4.2 4.2 4.2 1 
794 665497 6.91001e+06 4.2 4.2 4.2 1 
795 665337 6.90998e+06 4.2 4.2 4.2 1 
796 665236 6.9099e+06 4.2 4.2 4.2 1 
797 665125 6.90981e+06 4.2 4.2 4.2 1 
798 665034 6.90968e+06 4.2 4.2 4.2 1 
799 664943 6.90958e+06 4.2 4.2 4.2 1 
800 664563 6.90955e+06 5.4 5.4 5.4 1 
801 664872 6.90947e+06 4.2 4.2 4.2 1 
802 664811 6.90933e+06 4.2 4.2 4.2 1 
803 664720 6.90921e+06 4.2 4.2 4.2 1 
804 664619 6.9091e+06 5.2 5.2 5.2 1 
805 664478 6.90902e+06 4.2 4.2 4.2 1 
806 664348 6.90896e+06 4.2 4.2 4.2 1 
807 664267 6.90893e+06 5 5 5 1 
808 663576 6.90961e+06 7.55 7.55 7.55 1 
809 663416 6.90977e+06 6.7 6.7 6.7 1 
810 663775 6.90907e+06 7.3 7.3 7.3 1 
811 662943 6.90921e+06 9.48 9.48 9.48 1 
812 662934 6.90884e+06 4.55 4.55 4.55 1 
813 662718 6.90895e+06 3.7 3.7 3.7 1 
814 662543 6.9091e+06 3 3 3 0 
815 662496 6.90906e+06 3 3 3 0 
816 662543 6.9091e+06 4.8 4.8 4.8 1 
817 662496 6.90906e+06 5 5 5 1 
818 662406 6.9091e+06 1.8 1.8 1.8 1 
819 662444 6.90903e+06 3 3 3 0 
820 662418 6.90904e+06 3.5 3.5 3.5 0 
821 662444 6.90903e+06 5.2 5.2 5.2 1 
822 662418 6.90904e+06 2.6 2.6 2.6 1 
823 662366 6.90912e+06 1.7 1.7 1.7 1 
824 662461 6.90913e+06 2.5 2.5 2.5 1 
825 662316 6.90914e+06 1.2 1.2 1.2 1 
826 662449 6.90921e+06 2.4 2.4 2.4 1 
827 662376 6.90928e+06 1.8 1.8 1.8 1 
828 663390 6.90813e+06 9 9 9 1 
829 663330 6.90815e+06 9.32 9.32 9.32 1 
830 663259 6.908e+06 11.5 11.5 11.5 1 
831 662640 6.9082e+06 6.6 6.6 6.6 1 
832 662947 6.90774e+06 7.1 7.1 7.1 1 
833 662468 6.90786e+06 5.45 5.45 5.45 1 
834 661740 6.90814e+06 5.5 5.5 5.5 1 
835 662301 6.90715e+06 11.5 11.5 11.5 1 
836 662281 6.90715e+06 9.5 9.5 9.5 1 
837 662302 6.90716e+06 11.5 11.5 11.5 1 
838 662352 6.90719e+06 9.9 9.9 9.9 1 
839 662562 6.90723e+06 9.5 9.5 9.5 1 
840 662503 6.90735e+06 13 13 13 1 
841 662601 6.90742e+06 8.5 8.5 8.5 1 
842 662563 6.9074e+06 7.2 7.2 7.2 1 
843 662579 6.90736e+06 6.41 6.41 6.41 1 
844 662619 6.90738e+06 4.4 4.4 4.4 1 
845 662602 6.9074e+06 6.85 6.85 6.85 1 
846 661183 6.9074e+06 5.85 5.85 5.85 1 
847 661679 6.90684e+06 11.9 11.9 11.9 1 
848 661609 6.9069e+06 10.8 10.8 10.8 1 
849 660461 6.90721e+06 12 12 12 1 
850 661149 6.90691e+06 7.8 7.8 7.8 1 
851 661237 6.90672e+06 9.4 9.4 9.4 1 
852 660858 6.90682e+06 8 8 8 1 
853 660957 6.90664e+06 10.57 10.57 10.57 1 
854 661397 6.90666e+06 10.6 10.6 10.6 1 
855 660075 6.90643e+06 4.7 4.7 4.7 1 
856 660045 6.90584e+06 7.81 7.81 7.81 1 
857 659801 6.90597e+06 9 9 9 1 
858 659835 6.9059e+06 7.6 7.6 7.6 1 
859 659933 6.90566e+06 8.4 8.4 8.4 0 
860 659933 6.90566e+06 9.3 9.3 9.3 1 
861 659998 6.9057e+06 11.5 11.5 11.5 1 
862 660033 6.90502e+06 6.5 6.5 6.5 1 
863 659471 6.90607e+06 6.6 6.6 6.6 1 
864 659670 6.90585e+06 8 8 8 1 
865 659484 6.90579e+06 7.5 7.5 7.5 1 
866 659400 6.90586e+06 7.8 7.8 7.8 1 
867 659338 6.90564e+06 5.5 5.5 5.5 1 
868 659368 6.90564e+06 5.45 5.45 5.45 1 
869 659059 6.90579e+06 7 7 7 1 
870 658666 6.90608e+06 6.6 6.6 6.6 1 
871 658600 6.90593e+06 8.5 8.5 8.5 1 
872 658817 6.90562e+06 5.9 5.9 5.9 1 
873 658867 6.90556e+06 5.5 5.5 5.5 1 
874 658907 6.9056e+06 4.7 4.7 4.7 1 
875 658987 6.90559e+06 9 9 9 1 
876 658997 6.90554e+06 6 6 6 1 
877 658966 6.90548e+06 5.2 5.2 5.2 1 
878 659046 6.90549e+06 5.3 5.3 5.3 1 
879 659006 6.90542e+06 5.7 5.7 5.7 1 
880 659136 6.90547e+06 5.7 5.7 5.7 1 
881 659135 6.90536e+06 3.9 3.9 3.9 1 
882 659206 6.90542e+06 6.7 6.7 6.7 1 
883 659235 6.90534e+06 6 6 6 1 
884 659286 6.9054e+06 5.7 5.7 5.7 1 
885 659294 6.9052e+06 6.5 6.5 6.5 1 
886 660066 6.90538e+06 7.3 7.3 7.3 1 
887 660035 6.90529e+06 6.35 6.35 6.35 1 
888 659964 6.9052e+06 9.55 9.55 9.55 1 
889 660153 6.90509e+06 5.72 5.72 5.72 1 
890 659992 6.90489e+06 7.68 7.68 7.68 1 
891 659551 6.90481e+06 7.95 7.95 7.95 1 
892 659044 6.90399e+06 7.9 7.9 7.9 1 
893 659461 6.90362e+06 10.5 10.5 10.5 1 
894 659445 6.9036e+06 9.1 9.1 9.1 1 
895 659421 6.90367e+06 9 9 9 1 
896 658968 6.90328e+06 11.5 11.5 11.5 1 
897 658878 6.90332e+06 5.65 5.65 5.65 1 
898 658843 6.90273e+06 8 8 8 1 
899 657762 6.90152e+06 5.6 5.6 5.6 1 
900 654728 6.89996e+06 8.25 8.25 8.25 1 
901 654698 6.89994e+06 7 7 7 1 
902 654113 6.89695e+06 6 6 6 1 
903 654191 6.8967e+06 5 5 5 1 
904 653214 6.89597e+06 6.4 6.4 6.4 1 
905 653144 6.89532e+06 8.7 8.7 8.7 1 
906 652562 6.89569e+06 3 3 3 1 
907 651815 6.89368e+06 9.6 9.6 9.6 0 
908 648468 6.89536e+06 8.7 8.7 8.7 1 
909 648287 6.89532e+06 7.3 7.3 7.3 1 
910 648022 6.89474e+06 7.8 7.8 7.8 1 
911 647822 6.89464e+06 11.9 11.9 11.9 1 
912 647970 6.8945e+06 11.5 11.5 11.5 1 
913 647665 6.89441e+06 7.5 7.5 7.5 1 
914 647566 6.89398e+06 8.45 8.45 8.45 1 
915 646998 6.8937e+06 12.35 12.35 12.35 1 
916 646748 6.89424e+06 11 11 11 1 
917 631283 6.87587e+06 6.8 6.8 6.8 1 
918 631586 6.87619e+06 6.1 6.1 6.1 1 
919 631686 6.87627e+06 5.22 5.22 5.22 1 
920 632122 6.87692e+06 10.6 10.6 10.6 1 
921 632022 6.87698e+06 12 12 12 1 
922 631863 6.87712e+06 15.5 15.5 15.5 1 
923 631801 6.87715e+06 14.9 14.9 14.9 1 
924 631814 6.87719e+06 15.9 15.9 15.9 1 
925 631854 6.87723e+06 14.95 14.95 14.95 1 
926 632205 6.87728e+06 8.91 8.91 8.91 1 
927 630804 6.8796e+06 13 13 13 1 
928 630864 6.87961e+06 13.25 13.25 13.25 1 
929 629646 6.88111e+06 12.3 12.3 12.3 1 
930 630390 6.88283e+06 11 11 11 1 
931 631225 6.88221e+06 7.2 7.2 7.2 1 
932 632794 6.88078e+06 4.2 4.2 4.2 1 
933 671749 6.91462e+06 3.1 3.1 3.1 1 
934 675249 6.91568e+06 9 9 9 1 
935 675197 6.91542e+06 8 8 8 1 
936 675284 6.915e+06 8.6 8.6 8.6 1 
937 675935 6.91517e+06 7.5 7.5 7.5 1 
938 676180 6.91574e+06 7.5 7.5 7.5 1 
939 676637 6.91532e+06 6.1 6.1 6.1 1 
940 677137 6.91532e+06 6 6 6 1 
941 677333 6.91477e+06 4 4 4 1 
942 677845 6.91498e+06 3.6 3.6 3.6 1 
943 677902 6.91464e+06 7 7 7 1 
944 677117 6.91416e+06 5.7 5.7 5.7 1 
945 673599 6.91454e+06 6 6 6 1 
946 676171 6.91462e+06 5 5 5 1 
947 678252 6.91354e+06 10.5 10.5 10.5 1 
948 678644 6.91491e+06 5.8 5.8 5.8 1 
949 680117 6.9151e+06 6 6 6 1 
950 679743 6.91473e+06 6.4 6.4 6.4 1 
951 727111 6.95104e+06 5.6 5.6 5.6 1 
952 726252 6.95126e+06 9 9 9 1 
953 726619 6.95136e+06 12 12 12 1 
954 727495 6.9514e+06 9.5 9.5 9.5 1 
955 726776 6.95157e+06 6 6 6 1 
956 726878 6.95171e+06 8.5 8.5 8.5 1 
957 726890 6.95177e+06 4.5 4.5 4.5 1 
958 726359 6.95196e+06 10.2 10.2 10.2 1 
959 725943 6.95172e+06 6 6 6 1 
960 725439 6.95203e+06 5 5 5 1 
961 725520 6.95215e+06 7.1 7.1 7.1 1 
962 727396 6.95174e+06 7.6 7.6 7.6 1 
963 727329 6.95191e+06 8.2 8.2 8.2 1 
964 727378 6.95208e+06 10.6 10.6 10.6 1 
965 726288 6.95336e+06 7.1 7.1 7.1 1 
966 726326 6.95345e+06 6.2 6.2 6.2 1 
967 726255 6.95354e+06 7.5 7.5 7.5 1 
968 727663 6.95339e+06 10.5 10.5 10.5 1 
969 726714 6.95469e+06 8.2 8.2 8.2 1 
970 728482 6.95432e+06 3 3 3 1 
971 728228 6.95455e+06 7 7 7 1 
972 727205 6.95589e+06 4.8 4.8 4.8 1 
973 727586 6.95598e+06 8 8 8 1 
974 726857 6.95609e+06 7.1 7.1 7.1 1 
975 727381 6.95768e+06 12 12 12 1 
976 727461 6.95833e+06 5 5 5 1 
977 727031 6.95993e+06 7.4 7.4 7.4 1 
978 726792 6.96e+06 8.05 8.05 8.05 1 
979 726993 6.96008e+06 7.6 7.6 7.6 1 
980 726734 6.96026e+06 7.5 7.5 7.5 1 
981 726915 6.96041e+06 7 7 7 1 
982 726796 6.96048e+06 7.7 7.7 7.7 1 
983 726758 6.9607e+06 8.1 8.1 8.1 1 
984 725867 6.96066e+06 2.5 2.5 2.5 1 
985 726389 6.96082e+06 5 5 5 1 
986 727190 6.96091e+06 4.9 4.9 4.9 1 
987 726861 6.96098e+06 8.1 8.1 8.1 1 
988 726783 6.96125e+06 9 9 9 1 
989 726374 6.96141e+06 7.4 7.4 7.4 1 
990 725976 6.96162e+06 6 6 6 1 
991 727636 6.96261e+06 6.5 6.5 6.5 1 
992 728009 6.96296e+06 7.6 7.6 7.6 1 
993 728810 6.96409e+06 7.82 7.82 7.82 1 
994 728103 6.96449e+06 9.8 9.8 9.8 1 
995 728987 6.96478e+06 7 7 7 1 
996 733209 6.96791e+06 7.15 7.15 7.15 1 
997 734331 6.96809e+06 5 5 5 1 
998 734287 6.96819e+06 3.6 3.6 3.6 1 
999 734463 6.96828e+06 2.5 2.5 2.5 1 
1000 733305 6.9694e+06 3.8 3.8 3.8 1 
1001 733311 6.9695e+06 2.5 2.5 2.5 1 
1002 733281 6.96957e+06 2 2 2 1 
1003 734918 6.97091e+06 5 5 5 1 
1004 734960 6.97099e+06 5 5 5 1 
1005 734579 6.97116e+06 11.5 11.5 11.5 1 
1006 735138 6.97203e+06 6.6 6.6 6.6 1 
1007 735366 6.97399e+06 12 12 12 1 
1008 736139 6.97424e+06 4.5 4.5 4.5 1 
1009 737617 6.97501e+06 4.9 4.9 4.9 1 
1010 739037 6.97591e+06 3.6 3.6 3.6 1 
1011 740558 6.97921e+06 4.5 4.5 4.5 1 
1012 741085 6.97982e+06 5.3 5.3 5.3 1 
1013 741305 6.98097e+06 5.8 5.8 5.8 1 
1014 741438 6.98124e+06 2.7 2.7 2.7 1 
1015 650406 6.89419e+06 10.5 10.5 10.5 1 
1016 650570 6.89417e+06 10 10 10 1 
1017 650729 6.89416e+06 13 13 13 1 
1018 651202 6.89385e+06 8 8 8 1 
1019 651239 6.89378e+06 10 10 10 1 
1020 652716 6.89321e+06 10 10 10 1 
1021 651815 6.89368e+06 8.9 8.9 8.9 1 
1022 648050 6.8956e+06 2.7 2.7 2.7 1 
1023 648078 6.89554e+06 4 4 4 1 
1024 648451 6.89489e+06 3 3 3 1 
1025 648514 6.89476e+06 3 3 3 1 
