DbGrid
2 # Space Dimension
# Grid characteristics (NX,X0,DX,ANGLE)
10 0 1 0 
10 0 1 0 
4 # Number of variables
100 # Number of samples
# Locators
NA x1 x2 z1 
# Names
rank x1 x2 z1 
# Array of values
1 0 0 0.25 
2 1 0 0.97 
3 2 0 1.14 
4 3 0 5.03 
5 4 0 3.13 
6 5 0 2.93 
7 6 0 1.83 
8 7 0 1.97 
9 8 0 1.65 
10 9 0 2.97 
11 0 1 0.37 
12 1 1 0.79 
13 2 1 0.62 
14 3 1 2.5 
15 4 1 2.9 
16 5 1 2.92 
17 6 1 3.98 
18 7 1 2.18 
19 8 1 0.95 
20 9 1 0.81 
21 0 2 0.82 
22 1 2 0.65 
23 2 2 0.38 
24 3 2 0.47 
25 4 2 0.58 
26 5 2 0.83 
27 6 2 1.99 
28 7 2 2.86 
29 8 2 1.26 
30 9 2 0.83 
31 0 3 2.52 
32 1 3 1.66 
33 2 3 1.65 
34 3 3 1.29 
35 4 3 1.39 
36 5 3 1.05 
37 6 3 1.51 
38 7 3 1.63 
39 8 3 0.62 
40 9 3 0.44 
41 0 4 5.77 
42 1 4 4.16 
43 2 4 3.14 
44 3 4 1.3 
45 4 4 1.73 
46 5 4 0.74 
47 6 4 0.7 
48 7 4 0.49 
49 8 4 0.45 
50 9 4 0.48 
51 0 5 3.295 
52 1 5 4.1 
53 2 5 3.61 
54 3 5 1.67 
55 4 5 2.6 
56 5 5 1.11 
57 6 5 0.54 
58 7 5 0.07 
59 8 5 0.1 
60 9 5 0.13 
61 0 6 1.93 
62 1 6 4.12 
63 2 6 1.88 
64 3 6 0.94 
65 4 6 0.66 
66 5 6 0.41 
67 6 6 0.56 
68 7 6 0.12 
69 8 6 0.17 
70 9 6 0.14 
71 0 7 0.62 
72 1 7 2.26 
73 2 7 2.31 
74 3 7 1 
75 4 7 0.28 
76 5 7 0.18 
77 6 7 0.44 
78 7 7 0.28 
79 8 7 0.31 
80 9 7 0.13 
81 0 8 0.94 
82 1 8 3.41 
83 2 8 4.8 
84 3 8 1.88 
85 4 8 0.43 
86 5 8 0.23 
87 6 8 1.14 
88 7 8 1.86 
89 8 8 1.69 
90 9 8 0.49 
91 0 9 1.78 
92 1 9 1.26 
93 2 9 1.03 
94 3 9 1.1 
95 4 9 0.79 
96 5 9 0.57 
97 6 9 1.72 
98 7 9 3.88 
99 8 9 3.78 
100 9 9 1.08 
