0.348799 -0.334989 -0.0832331
0.313132 -0.399051 0.881192
0.266758 0.181628 0.122726
0.229555 0.0663178 0.828702
0.353623 -0.0486456 0.443969
0.335878 -0.384495 0.425693
0.305362 0.0307983 -0.00655663
0.279611 -0.0552387 0.858547
0.266719 0.10578 0.46681
0.149341 -0.451522 0.166423
0.12606 -0.162036 -0.185668
0.114009 -0.358339 -0.0759521
0.101546 -0.475382 0.663157
0.240757 -0.435635 0.421981
0.385825 -0.174501 0.180766
0.358602 -0.37797 0.17897
0.345953 -0.229705 0.664126
0.316102 -0.419396 0.649153
0.131961 -0.201382 0.951731
0.0876766 -0.391182 0.901606
0.161859 0.285356 0.303098
0.177264 0.282839 0.0875537
0.158786 0.0751889 -0.141343
0.310974 -0.0974099 -0.0697762
0.138236 0.191142 0.700393
0.13061 0.109881 0.873657
0.287544 -0.214549 0.864938
0.25445 0.101336 0.680112
0.34304 -0.0541165 0.672286
0.369388 -0.0242775 0.205838
0.273782 0.160332 0.273861
0.36907 -0.228332 0.435279
0.146074 0.206063 0.488052
0.15689 0.317253 -0.0179554
0.184529 0.181235 -0.238574
0.229877 0.446038 -0.0428095
0.326584 0.303676 -0.375494
0.257915 0.488969 -0.517721
0.187711 0.730295 -0.437134
0.190442 0.122856 -0.437696
0.271501 0.201979 -0.579853
0.227961 0.337016 -0.641468
0.323288 -0.645898 -0.0650069
0.277559 -0.660659 0.872426
0.15321 -0.671553 0.116597
0.153343 -0.652512 -0.0628489
0.129752 -0.680413 0.714233
0.310744 -0.658159 0.12474
0.270197 -0.670204 0.705429
0.125665 -0.664371 0.877017
0.264169 0.646946 -0.369897
0.180359 0.68646 -0.148279
0.263204 0.560375 -0.137191
0.371765 0.683869 -0.321196
0.432195 0.751246 -0.233457
0.424574 0.680439 -0.150855
0.379346 0.604049 -0.213075
0 -0.192084 -0.196407
0 0.505678 -0.563016
0 0.340641 -0.665066
0 0.0414775 -0.241591
0 0.117615 -0.305384
0 0.100384 -0.450564
0 0.182587 -0.616155
-4.33681e-19 0.765067 -0.449072
-4.33681e-19 0.834757 -0.307668
0 -0.434774 0.0615192
0 -0.354126 -0.0677048
0 0.326124 0.139538
0 0.352207 0.0388631
0 0.499175 0.0586613
-4.33681e-19 0.723906 -0.0597107
0 0.816061 -0.189369
0 -0.435249 0.726548
0 -0.533724 0.415511
0 0.301194 0.312719
0 0.233342 0.49566
0 -0.340037 0.891691
0 -0.194995 0.971379
0 0.220553 0.711025
0 0.130478 0.891171
0.164015 0.929339 -0.232094
0.205905 0.915741 -0.313374
0.15338 0.935554 -0.282029
0.221786 0.905461 -0.256021
0.115236 0.837896 -0.222054
0.086327 0.812209 -0.211465
0.172231 0.819312 -0.334104
0.162464 0.791078 -0.351846
0.0787362 0.822102 -0.294366
0.102999 0.844736 -0.288229
0.219399 0.754552 -0.28348
0.199751 0.790382 -0.244881
0.184684 0.762009 -0.196152
0.279703 0.762439 -0.233186
0.120311 -0.456517 0.243094
0.111282 -0.477316 0.58188
0.186164 -0.487701 0.417533
0 -0.462404 0.208739
0 -0.483948 0.606421
0.17185 -0.0410977 0.94527
0.106249 -0.0142167 0.968533
0.107395 -0.0653463 0.975253
0 0.00228925 0.987177
0 -0.0756163 0.995507
0.0517509 -0.0608359 1.02473
0.0517951 -0.0798093 1.0112
0 -0.0688251 1.04807
0 -0.0952192 1.02642
-0.348799 -0.334989 -0.0832331
-0.313132 -0.399051 0.881192
-0.266758 0.181628 0.122726
-0.229555 0.0663178 0.828702
-0.353623 -0.0486456 0.443969
-0.335878 -0.384495 0.425693
-0.305362 0.0307983 -0.00655663
-0.279611 -0.0552387 0.858547
-0.266719 0.10578 0.46681
-0.149341 -0.451522 0.166423
-0.12606 -0.162036 -0.185668
-0.114009 -0.358339 -0.0759521
-0.101546 -0.475382 0.663157
-0.240757 -0.435635 0.421981
-0.385825 -0.174501 0.180766
-0.358602 -0.37797 0.17897
-0.345953 -0.229705 0.664126
-0.316102 -0.419396 0.649153
-0.131961 -0.201382 0.951731
-0.0876766 -0.391182 0.901606
-0.161859 0.285356 0.303098
-0.177264 0.282839 0.0875537
-0.158786 0.0751889 -0.141343
-0.310974 -0.0974099 -0.0697762
-0.138236 0.191142 0.700393
-0.13061 0.109881 0.873657
-0.287544 -0.214549 0.864938
-0.25445 0.101336 0.680112
-0.34304 -0.0541165 0.672286
-0.369388 -0.0242775 0.205838
-0.273782 0.160332 0.273861
-0.36907 -0.228332 0.435279
-0.146074 0.206063 0.488052
-0.15689 0.317253 -0.0179554
-0.184529 0.181235 -0.238574
-0.229877 0.446038 -0.0428095
-0.326584 0.303676 -0.375494
-0.257915 0.488969 -0.517721
-0.187711 0.730295 -0.437134
-0.190442 0.122856 -0.437696
-0.271501 0.201979 -0.579853
-0.227961 0.337016 -0.641468
-0.323288 -0.645898 -0.0650069
-0.277559 -0.660659 0.872426
-0.15321 -0.671553 0.116597
-0.153343 -0.652512 -0.0628489
-0.129752 -0.680413 0.714233
-0.310744 -0.658159 0.12474
-0.270197 -0.670204 0.705429
-0.125665 -0.664371 0.877017
-0.264169 0.646946 -0.369897
-0.180359 0.68646 -0.148279
-0.263204 0.560375 -0.137191
-0.371765 0.683869 -0.321196
-0.432195 0.751246 -0.233457
-0.424574 0.680439 -0.150855
-0.379346 0.604049 -0.213075
-0.164015 0.929339 -0.232094
-0.205905 0.915741 -0.313374
-0.15338 0.935554 -0.282029
-0.221786 0.905461 -0.256021
-0.115236 0.837896 -0.222054
-0.086327 0.812209 -0.211465
-0.172231 0.819312 -0.334104
-0.162464 0.791078 -0.351846
-0.0787362 0.822102 -0.294366
-0.102999 0.844736 -0.288229
-0.219399 0.754552 -0.28348
-0.199751 0.790382 -0.244881
-0.184684 0.762009 -0.196152
-0.279703 0.762439 -0.233186
-0.120311 -0.456517 0.243094
-0.111282 -0.477316 0.58188
-0.186164 -0.487701 0.417533
-0.17185 -0.0410977 0.94527
-0.106249 -0.0142167 0.968533
-0.107395 -0.0653463 0.975253
-0.0517509 -0.0608359 1.02473
-0.0517951 -0.0798093 1.0112
0.287063 -0.417912 0.42339
0.223323 -0.431749 0.300839
0.262599 -0.446574 0.214165
0.345683 -0.367458 0.305622
0.284862 -0.410239 0.304857
0.320467 -0.390454 0.538527
0.218649 -0.474853 0.619945
0.19621 -0.447285 0.538732
0.257025 -0.429064 0.536591
0.240602 -0.341214 -0.117452
0.12147 -0.249274 -0.145022
0.221157 -0.120393 -0.146058
0.328715 -0.192761 -0.0778193
0.229478 -0.212011 -0.133147
0.307987 -0.0331195 -0.049691
0.139893 -0.0548182 -0.181103
0.237075 0.0521949 -0.0759725
0.227173 -0.0372356 -0.128413
0.301492 -0.292885 0.870674
0.213279 -0.204742 0.922518
0.117499 -0.281642 0.935739
0.211816 -0.394732 0.922409
0.215547 -0.286415 0.919674
0.364968 -0.12541 0.046235
0.382458 -0.25968 0.176197
0.385194 -0.351205 0.0306159
0.375418 -0.216313 0.0359591
0.382575 -0.209764 0.311653
0.361147 -0.316624 0.430338
0.374384 -0.294532 0.308248
0.368668 -0.137134 0.438729
0.385132 -0.101185 0.188168
0.365146 -0.0406368 0.324829
0.381949 -0.125584 0.315412
0.350232 0.00253885 0.0908221
0.361458 -0.0619596 0.0609153
0.343331 -0.409171 0.778577
0.341862 -0.313907 0.657949
0.328019 -0.223318 0.773747
0.336544 -0.303107 0.775339
0.283052 -0.132631 0.863571
0.351001 -0.142438 0.668828
0.322487 -0.0565049 0.774019
0.329 -0.140489 0.774308
0.349301 -0.0521301 0.560904
0.357572 -0.233122 0.551664
0.360647 -0.141814 0.556564
0.349272 -0.319879 0.544579
0.23281 0.229543 0.110217
0.170184 0.299829 0.20555
0.221341 0.236481 0.293418
0.272682 0.181352 0.189589
0.227226 0.252859 0.204008
0.271155 0.129527 0.366223
0.153276 0.244216 0.39384
0.20969 0.164574 0.478658
0.215375 0.198113 0.382954
0.24282 0.0875955 0.770725
0.198521 0.154682 0.689709
0.134533 0.161682 0.796578
0.187262 0.086887 0.854887
0.191558 0.132026 0.78245
0.141545 0.196582 0.593509
0.26179 0.101674 0.574769
0.204392 0.157257 0.584394
0.327755 0.0676272 0.239516
0.317321 0.0335117 0.454173
0.324726 0.0469262 0.344192
0.307072 0.0296092 0.675079
0.253941 0.0157408 0.848168
0.289863 0.0225221 0.77107
0.190901 0.188016 -0.0300482
0.288174 0.116771 0.0639197
0.239299 0.151564 0.0118342
0.313467 0.030566 0.566851
0.317033 0.0909783 0.142973
0.150018 0.148066 -0.170355
0.192003 0.257627 -0.114007
0.150923 0.290686 0.0162651
0.172619 0.221245 -0.0722104
0.274031 0.23831 -0.301318
0.294876 0.383503 -0.203773
0.194068 0.37243 -0.0269037
0.248629 0.311098 -0.153862
0.196806 0.141274 -0.362924
0.23911 0.14497 -0.502892
0.324701 0.24108 -0.502727
0.278147 0.181024 -0.423508
0.263786 0.27805 -0.630217
0.250979 0.388662 -0.601302
0.318198 0.390558 -0.446528
0.314593 0.32071 -0.563292
0.338046 -0.680095 0.0309463
0.228165 -0.692422 0.147407
0.12828 -0.689708 0.0245746
0.238161 -0.677382 -0.0918856
0.229681 -0.733842 0.0266899
0.20056 -0.687393 0.898863
0.107919 -0.696884 0.796995
0.199176 -0.699686 0.68654
0.291818 -0.690195 0.788408
0.198244 -0.736784 0.793448
0.307855 -0.55258 0.89062
0.294592 -0.571581 0.678753
0.335563 -0.561971 0.78431
0.0593616 -0.458076 0.795932
0.110927 -0.595142 0.691599
0.102733 -0.558625 0.896274
0.0716769 -0.583028 0.796447
0.203007 -0.591569 0.647127
0.206666 -0.553636 0.930804
0.339121 -0.546516 0.150832
0.352933 -0.520557 -0.0885122
0.383244 -0.532332 0.0297109
0.132569 -0.534652 -0.0767316
0.24402 -0.524662 -0.124285
0.143499 -0.577512 0.141914
0.241073 -0.571789 0.188527
0.0964942 -0.434904 0.0342915
0.0999951 -0.56397 0.0317575
0.271576 0.561647 -0.416318
0.282894 0.56989 -0.257283
0.23851 0.520387 -0.0907886
0.293195 0.482084 -0.276654
0.213045 0.609177 -0.109989
0.321376 0.576724 -0.185683
0.422878 0.632073 -0.168661
0.32688 0.680784 -0.145207
0.326345 0.612341 -0.141546
0.312594 0.674309 -0.341185
0.379053 0.63587 -0.283895
0.3154 0.606871 -0.278418
0.417773 0.731266 -0.288914
0.460287 0.727236 -0.177367
0.454185 0.684351 -0.230461
0 0.320051 0.223298
0.0857686 0.301184 0.309872
0.0922474 0.320203 0.127906
0.0910385 0.318251 0.216664
0 0.227033 0.602086
0.0710686 0.213115 0.708099
0.0750596 0.22755 0.493766
0.0724773 0.219588 0.599773
0 0.186603 0.810651
0.0670456 0.125156 0.886255
0.0695062 0.18012 0.806775
0 -0.40432 -0.00187701
0.0502685 -0.34467 -0.0665397
0.0661753 -0.432919 0.0879789
0.056363 -0.399912 0.0126968
0 -0.395546 0.810009
0.0398588 -0.442711 0.714357
0.0361117 -0.34665 0.891624
0.0321101 -0.404726 0.804765
0 0.264692 0.401284
0.0798727 0.262384 0.399618
0 0.330325 0.0716557
0.0874752 0.345901 0.0284499
0.0858416 0.32349 0.0605597
0 0.409384 0.0515977
0.124296 0.487548 0.0340513
0.105997 0.402715 0.0360884
0 0.641579 -0.507325
0.104733 0.755088 -0.444831
0.214286 0.629383 -0.484754
0.136392 0.50382 -0.556974
0.121817 0.636846 -0.502061
0 0.412943 -0.623842
0.139278 0.340909 -0.661549
0.138945 0.411476 -0.620153
0 -0.271137 0.943676
0.0622199 -0.197393 0.966789
0.0501277 -0.274014 0.941915
0 -0.286073 -0.138523
0.0553298 -0.185801 -0.197022
0.050202 -0.275405 -0.142323
0 -0.0695404 -0.225378
0.0766662 0.0457919 -0.217551
0.0655056 -0.0670069 -0.214493
0 0.101519 -0.264918
0.0933959 0.130309 -0.285229
0.0838463 0.11062 -0.238883
0 0.106874 -0.369301
0.114603 0.104637 -0.445501
0.102596 0.115199 -0.359834
0 0.126441 -0.539369
0.153665 0.185489 -0.611191
0.137484 0.129002 -0.534091
0 0.259825 -0.661348
0.150371 0.262453 -0.657355
0.0819636 0.707011 -0.0978848
0 0.613137 0.0118372
0.128934 0.593549 -0.0276065
0.230899 0.696193 -0.415496
0.2462 0.632058 -0.451998
0.2255 0.918412 -0.287909
0.182289 0.937359 -0.304334
0.155831 0.94592 -0.253016
0.199042 0.926972 -0.236591
0.198381 0.950853 -0.26973
0.195536 0.768708 -0.323732
0.162591 0.796641 -0.337706
0.198135 0.804412 -0.300184
0.204856 0.767832 -0.258627
0.190344 0.780419 -0.305321
0.158595 0.817014 -0.220186
0.102838 0.815304 -0.21903
0.12548 0.786281 -0.190531
0.18859 0.771476 -0.215131
0.14521 0.793415 -0.208712
0.113814 0.810725 -0.339255
0.0911506 0.822276 -0.28966
0.134346 0.834135 -0.324328
0.12321 0.811864 -0.327105
0.0699464 0.823757 -0.248502
0.0956349 0.846841 -0.248877
0.0836698 0.824545 -0.249204
0.24364 0.757848 -0.207433
0.246443 0.756953 -0.257453
0.21289 0.762245 -0.22883
0.355751 0.762428 -0.238497
0.249966 0.723503 -0.332259
0.32003 0.739642 -0.304714
0.181848 0.741315 -0.180043
0.328516 0.741977 -0.181175
0.0499681 0.812176 -0.199395
0 0.785709 -0.129116
0.0788354 0.774284 -0.158189
0.0505691 0.828853 -0.304368
0.168022 0.778755 -0.386065
0 0.821114 -0.378707
0.0897195 0.811796 -0.373587
0 0.831803 -0.246303
0.0404745 0.828353 -0.247459
0.211302 0.744371 -0.365196
0.193702 0.87269 -0.329392
0.216553 0.856661 -0.251136
0.218551 0.860755 -0.297102
0.126841 0.897388 -0.285836
0.157513 0.887986 -0.320358
0.138938 0.890583 -0.222912
0.120161 0.900194 -0.247801
0.181137 0.872948 -0.224154
0.106299 -0.467348 0.612794
0.156751 -0.485651 0.517662
0.218865 -0.458568 0.419816
0.177713 -0.464461 0.527871
0 -0.459742 0.666605
0.0640756 -0.481225 0.60015
0.0486808 -0.462533 0.655449
0.129769 -0.445891 0.210992
0.0674919 -0.459184 0.218582
0 -0.445956 0.12884
0.0638357 -0.444618 0.15006
0.160168 -0.471758 0.313909
0.192938 -0.45045 0.307624
0 -0.518477 0.519852
0.106971 -0.518553 0.416032
0.0913755 -0.507594 0.518132
0 -0.503509 0.307563
0.0906862 -0.492986 0.310407
0.148938 -0.0188178 0.950827
0.109744 -0.0412763 0.976341
0.152295 -0.0598695 0.957881
0.133131 -0.0374762 0.965091
0.129144 -0.123186 0.961976
0.214922 -0.0472768 0.917853
0.202946 -0.113321 0.930645
0.124777 0.0448234 0.926767
0.189431 0.0176502 0.907717
0.0541294 -0.000582154 0.980957
0 0.0636729 0.946137
0.0627521 0.0592134 0.940397
0.0544734 -0.0758718 0.989219
0 -0.121134 0.98554
0.0631528 -0.123094 0.979468
0.0716307 -0.0432 1.00541
0.052795 -0.0725924 1.01945
0.0717681 -0.0690106 0.994894
0.0809297 -0.0558501 0.997263
0 -0.0400118 1.02513
0.0297219 -0.0653048 1.04059
0.0406958 -0.0395224 1.01839
0.0297587 -0.0908237 1.02001
0 -0.0782912 1.00911
0.0407812 -0.0765567 1.00299
0 -0.0903561 1.04431
0.0264068 -0.0851806 1.03686
-0.345683 -0.367458 0.305622
-0.262599 -0.446574 0.214165
-0.223323 -0.431749 0.300839
-0.287063 -0.417912 0.42339
-0.284862 -0.410239 0.304857
-0.19621 -0.447285 0.538732
-0.218649 -0.474853 0.619945
-0.320467 -0.390454 0.538527
-0.257025 -0.429064 0.536591
-0.328715 -0.192761 -0.0778193
-0.221157 -0.120393 -0.146058
-0.12147 -0.249274 -0.145022
-0.240602 -0.341214 -0.117452
-0.229478 -0.212011 -0.133147
-0.237075 0.0521949 -0.0759725
-0.139893 -0.0548182 -0.181103
-0.307987 -0.0331195 -0.049691
-0.227173 -0.0372356 -0.128413
-0.211816 -0.394732 0.922409
-0.117499 -0.281642 0.935739
-0.213279 -0.204742 0.922518
-0.301492 -0.292885 0.870674
-0.215547 -0.286415 0.919674
-0.385194 -0.351205 0.0306159
-0.382458 -0.25968 0.176197
-0.364968 -0.12541 0.046235
-0.375418 -0.216313 0.0359591
-0.361147 -0.316624 0.430338
-0.382575 -0.209764 0.311653
-0.374384 -0.294532 0.308248
-0.365146 -0.0406368 0.324829
-0.385132 -0.101185 0.188168
-0.368668 -0.137134 0.438729
-0.381949 -0.125584 0.315412
-0.350232 0.00253885 0.0908221
-0.361458 -0.0619596 0.0609153
-0.328019 -0.223318 0.773747
-0.341862 -0.313907 0.657949
-0.343331 -0.409171 0.778577
-0.336544 -0.303107 0.775339
-0.322487 -0.0565049 0.774019
-0.351001 -0.142438 0.668828
-0.283052 -0.132631 0.863571
-0.329 -0.140489 0.774308
-0.357572 -0.233122 0.551664
-0.349301 -0.0521301 0.560904
-0.360647 -0.141814 0.556564
-0.349272 -0.319879 0.544579
-0.272682 0.181352 0.189589
-0.221341 0.236481 0.293418
-0.170184 0.299829 0.20555
-0.23281 0.229543 0.110217
-0.227226 0.252859 0.204008
-0.20969 0.164574 0.478658
-0.153276 0.244216 0.39384
-0.271155 0.129527 0.366223
-0.215375 0.198113 0.382954
-0.187262 0.086887 0.854887
-0.134533 0.161682 0.796578
-0.198521 0.154682 0.689709
-0.24282 0.0875955 0.770725
-0.191558 0.132026 0.78245
-0.26179 0.101674 0.574769
-0.141545 0.196582 0.593509
-0.204392 0.157257 0.584394
-0.317321 0.0335117 0.454173
-0.327755 0.0676272 0.239516
-0.324726 0.0469262 0.344192
-0.253941 0.0157408 0.848168
-0.307072 0.0296092 0.675079
-0.289863 0.0225221 0.77107
-0.288174 0.116771 0.0639197
-0.190901 0.188016 -0.0300482
-0.239299 0.151564 0.0118342
-0.313467 0.030566 0.566851
-0.317033 0.0909783 0.142973
-0.150923 0.290686 0.0162651
-0.192003 0.257627 -0.114007
-0.150018 0.148066 -0.170355
-0.172619 0.221245 -0.0722104
-0.194068 0.37243 -0.0269037
-0.294876 0.383503 -0.203773
-0.274031 0.23831 -0.301318
-0.248629 0.311098 -0.153862
-0.324701 0.24108 -0.502727
-0.23911 0.14497 -0.502892
-0.196806 0.141274 -0.362924
-0.278147 0.181024 -0.423508
-0.318198 0.390558 -0.446528
-0.250979 0.388662 -0.601302
-0.263786 0.27805 -0.630217
-0.314593 0.32071 -0.563292
-0.238161 -0.677382 -0.0918856
-0.12828 -0.689708 0.0245746
-0.228165 -0.692422 0.147407
-0.338046 -0.680095 0.0309463
-0.229681 -0.733842 0.0266899
-0.291818 -0.690195 0.788408
-0.199176 -0.699686 0.68654
-0.107919 -0.696884 0.796995
-0.20056 -0.687393 0.898863
-0.198244 -0.736784 0.793448
-0.294592 -0.571581 0.678753
-0.307855 -0.55258 0.89062
-0.335563 -0.561971 0.78431
-0.102733 -0.558625 0.896274
-0.110927 -0.595142 0.691599
-0.0593616 -0.458076 0.795932
-0.0716769 -0.583028 0.796447
-0.203007 -0.591569 0.647127
-0.206666 -0.553636 0.930804
-0.352933 -0.520557 -0.0885122
-0.339121 -0.546516 0.150832
-0.383244 -0.532332 0.0297109
-0.132569 -0.534652 -0.0767316
-0.24402 -0.524662 -0.124285
-0.143499 -0.577512 0.141914
-0.241073 -0.571789 0.188527
-0.0964942 -0.434904 0.0342915
-0.0999951 -0.56397 0.0317575
-0.23851 0.520387 -0.0907886
-0.282894 0.56989 -0.257283
-0.271576 0.561647 -0.416318
-0.293195 0.482084 -0.276654
-0.32688 0.680784 -0.145207
-0.422878 0.632073 -0.168661
-0.321376 0.576724 -0.185683
-0.213045 0.609177 -0.109989
-0.326345 0.612341 -0.141546
-0.379053 0.63587 -0.283895
-0.312594 0.674309 -0.341185
-0.3154 0.606871 -0.278418
-0.460287 0.727236 -0.177367
-0.417773 0.731266 -0.288914
-0.454185 0.684351 -0.230461
-0.0922474 0.320203 0.127906
-0.0857686 0.301184 0.309872
-0.0910385 0.318251 0.216664
-0.0750596 0.22755 0.493766
-0.0710686 0.213115 0.708099
-0.0724773 0.219588 0.599773
-0.0670456 0.125156 0.886255
-0.0695062 0.18012 0.806775
-0.0661753 -0.432919 0.0879789
-0.0502685 -0.34467 -0.0665397
-0.056363 -0.399912 0.0126968
-0.0361117 -0.34665 0.891624
-0.0398588 -0.442711 0.714357
-0.0321101 -0.404726 0.804765
-0.0798727 0.262384 0.399618
-0.0874752 0.345901 0.0284499
-0.0858416 0.32349 0.0605597
-0.124296 0.487548 0.0340513
-0.105997 0.402715 0.0360884
-0.136392 0.50382 -0.556974
-0.214286 0.629383 -0.484754
-0.104733 0.755088 -0.444831
-0.121817 0.636846 -0.502061
-0.139278 0.340909 -0.661549
-0.138945 0.411476 -0.620153
-0.0622199 -0.197393 0.966789
-0.0501277 -0.274014 0.941915
-0.0553298 -0.185801 -0.197022
-0.050202 -0.275405 -0.142323
-0.0766662 0.0457919 -0.217551
-0.0655056 -0.0670069 -0.214493
-0.0933959 0.130309 -0.285229
-0.0838463 0.11062 -0.238883
-0.114603 0.104637 -0.445501
-0.102596 0.115199 -0.359834
-0.153665 0.185489 -0.611191
-0.137484 0.129002 -0.534091
-0.150371 0.262453 -0.657355
-0.0819636 0.707011 -0.0978848
-0.128934 0.593549 -0.0276065
-0.230899 0.696193 -0.415496
-0.2462 0.632058 -0.451998
-0.199042 0.926972 -0.236591
-0.155831 0.94592 -0.253016
-0.182289 0.937359 -0.304334
-0.2255 0.918412 -0.287909
-0.198381 0.950853 -0.26973
-0.204856 0.767832 -0.258627
-0.198135 0.804412 -0.300184
-0.162591 0.796641 -0.337706
-0.195536 0.768708 -0.323732
-0.190344 0.780419 -0.305321
-0.18859 0.771476 -0.215131
-0.12548 0.786281 -0.190531
-0.102838 0.815304 -0.21903
-0.158595 0.817014 -0.220186
-0.14521 0.793415 -0.208712
-0.134346 0.834135 -0.324328
-0.0911506 0.822276 -0.28966
-0.113814 0.810725 -0.339255
-0.12321 0.811864 -0.327105
-0.0956349 0.846841 -0.248877
-0.0699464 0.823757 -0.248502
-0.0836698 0.824545 -0.249204
-0.246443 0.756953 -0.257453
-0.24364 0.757848 -0.207433
-0.21289 0.762245 -0.22883
-0.249966 0.723503 -0.332259
-0.355751 0.762428 -0.238497
-0.32003 0.739642 -0.304714
-0.181848 0.741315 -0.180043
-0.328516 0.741977 -0.181175
-0.0499681 0.812176 -0.199395
-0.0788354 0.774284 -0.158189
-0.168022 0.778755 -0.386065
-0.0505691 0.828853 -0.304368
-0.0897195 0.811796 -0.373587
-0.0404745 0.828353 -0.247459
-0.211302 0.744371 -0.365196
-0.216553 0.856661 -0.251136
-0.193702 0.87269 -0.329392
-0.218551 0.860755 -0.297102
-0.126841 0.897388 -0.285836
-0.157513 0.887986 -0.320358
-0.138938 0.890583 -0.222912
-0.120161 0.900194 -0.247801
-0.181137 0.872948 -0.224154
-0.218865 -0.458568 0.419816
-0.156751 -0.485651 0.517662
-0.106299 -0.467348 0.612794
-0.177713 -0.464461 0.527871
-0.0640756 -0.481225 0.60015
-0.0486808 -0.462533 0.655449
-0.0674919 -0.459184 0.218582
-0.129769 -0.445891 0.210992
-0.0638357 -0.444618 0.15006
-0.160168 -0.471758 0.313909
-0.192938 -0.45045 0.307624
-0.106971 -0.518553 0.416032
-0.0913755 -0.507594 0.518132
-0.0906862 -0.492986 0.310407
-0.152295 -0.0598695 0.957881
-0.109744 -0.0412763 0.976341
-0.148938 -0.0188178 0.950827
-0.133131 -0.0374762 0.965091
-0.214922 -0.0472768 0.917853
-0.129144 -0.123186 0.961976
-0.202946 -0.113321 0.930645
-0.124777 0.0448234 0.926767
-0.189431 0.0176502 0.907717
-0.0541294 -0.000582154 0.980957
-0.0627521 0.0592134 0.940397
-0.0544734 -0.0758718 0.989219
-0.0631528 -0.123094 0.979468
-0.0717681 -0.0690106 0.994894
-0.052795 -0.0725924 1.01945
-0.0716307 -0.0432 1.00541
-0.0809297 -0.0558501 0.997263
-0.0297219 -0.0653048 1.04059
-0.0406958 -0.0395224 1.01839
-0.0297587 -0.0908237 1.02001
-0.0407812 -0.0765567 1.00299
-0.0264068 -0.0851806 1.03686
0.313121 -0.40468 0.424303
0.289638 -0.411984 0.363044
0.317818 -0.392423 0.305485
0.341299 -0.375944 0.366232
0.317288 -0.397295 0.364448
0.23935 -0.43199 0.361842
0.251544 -0.422435 0.302332
0.261632 -0.427221 0.422701
0.262332 -0.422664 0.362137
0.2099 -0.457622 0.202318
0.274846 -0.418754 0.252658
0.194817 -0.437402 0.239358
0.231211 -0.430966 0.245486
0.350284 -0.364453 0.244783
0.312495 -0.42258 0.208415
0.316601 -0.396416 0.250199
0.328162 -0.387696 0.483083
0.291362 -0.413379 0.536815
0.275025 -0.421949 0.482067
0.303426 -0.408222 0.482265
0.26979 -0.455493 0.624003
0.236564 -0.444228 0.584476
0.315111 -0.397679 0.592146
0.280089 -0.425608 0.586435
0.156119 -0.458526 0.595789
0.222989 -0.439421 0.53835
0.164011 -0.483033 0.631406
0.191143 -0.453861 0.591118
0.225399 -0.440193 0.480871
0.247502 -0.431674 0.481825
0.300873 -0.335808 -0.11045
0.23546 -0.269794 -0.12322
0.283535 -0.198083 -0.11242
0.339519 -0.257182 -0.0802831
0.292915 -0.260195 -0.110308
0.119478 -0.295776 -0.113872
0.173106 -0.230478 -0.142628
0.176383 -0.34915 -0.10631
0.174532 -0.282877 -0.121531
0.172014 -0.141551 -0.170002
0.224047 -0.163495 -0.142015
0.123113 -0.206388 -0.170045
0.171621 -0.184999 -0.160037
0.318497 -0.140059 -0.0746981
0.26898 -0.103901 -0.112945
0.274851 -0.146856 -0.114171
0.307808 -0.00318692 -0.0317095
0.269878 -0.0318881 -0.0928838
0.232462 0.00608204 -0.106821
0.273281 0.0420733 -0.0438498
0.272342 0.00331308 -0.0724007
0.222802 -0.0788504 -0.141507
0.308256 -0.0631453 -0.0619102
0.26804 -0.0666021 -0.106124
0.131964 -0.111136 -0.188613
0.182883 -0.0457092 -0.157469
0.176218 -0.0952439 -0.168768
0.199052 0.0623656 -0.105989
0.148915 0.00578811 -0.165362
0.190658 0.0074224 -0.137241
0.30851 -0.340088 0.875405
0.263105 -0.289222 0.900577
0.214141 -0.334681 0.919903
0.26887 -0.396352 0.909752
0.266995 -0.336923 0.904292
0.253262 -0.209214 0.897882
0.215216 -0.244729 0.920604
0.293898 -0.252639 0.867139
0.258195 -0.248301 0.898482
0.126656 -0.240414 0.945024
0.164801 -0.284207 0.93026
0.172003 -0.202637 0.93974
0.169955 -0.242358 0.935335
0.149733 -0.3934 0.920339
0.104904 -0.328487 0.922781
0.15673 -0.332639 0.924128
0.358457 -0.200112 -0.0267162
0.380901 -0.277243 0.032671
0.375987 -0.340814 -0.0337268
0.367895 -0.263853 -0.0306343
0.342627 -0.106257 -0.015664
0.369603 -0.166291 0.0406057
0.349444 -0.148083 -0.0217878
0.385185 -0.214712 0.178025
0.382253 -0.237542 0.105277
0.379025 -0.149836 0.112764
0.38088 -0.190046 0.108528
0.379176 -0.364086 0.102343
0.375596 -0.311145 0.175939
0.381399 -0.294389 0.103665
0.363729 -0.333817 0.306674
0.367965 -0.307651 0.370431
0.351404 -0.354331 0.427814
0.35769 -0.345276 0.36828
0.379525 -0.278609 0.243679
0.369702 -0.323364 0.243084
0.386398 -0.194374 0.247084
0.380079 -0.252636 0.309953
0.384425 -0.235652 0.245143
0.366553 -0.273812 0.432936
0.376188 -0.22098 0.374406
0.373629 -0.265433 0.372527
0.363531 -0.0923241 0.440867
0.375379 -0.132559 0.377674
0.376221 -0.0834201 0.319025
0.359143 -0.0454376 0.384517
0.369754 -0.0887861 0.380331
0.383633 -0.167556 0.313214
0.370145 -0.182621 0.437038
0.377148 -0.176656 0.375911
0.386429 -0.137312 0.183762
0.385994 -0.115397 0.252169
0.387444 -0.154662 0.24911
0.369328 -0.0337485 0.265179
0.380073 -0.0641595 0.195141
0.380479 -0.0754649 0.257209
0.331012 0.0171674 0.0389716
0.357964 -0.0317511 0.0731655
0.338487 -0.0443826 0.00235778
0.336366 -0.0157204 0.0175237
0.37698 -0.0821329 0.123634
0.363023 -0.0117289 0.147082
0.372551 -0.0487428 0.133083
0.363023 -0.0919062 0.0524717
0.378431 -0.114848 0.117331
0.339774 -0.073126 -0.00816016
0.336842 -0.40362 0.835552
0.340911 -0.350598 0.77666
0.324728 -0.29766 0.82767
0.331904 -0.344898 0.831349
0.334716 -0.360298 0.654176
0.340676 -0.308781 0.717453
0.335933 -0.414813 0.716014
0.339263 -0.356428 0.715872
0.338685 -0.226798 0.720092
0.331546 -0.262105 0.774295
0.344609 -0.271269 0.661246
0.339619 -0.266826 0.718796
0.311718 -0.219243 0.822794
0.317327 -0.257308 0.824743
0.282982 -0.0932074 0.86163
0.309753 -0.137557 0.821642
0.32815 -0.0982774 0.774453
0.304296 -0.0566442 0.818942
0.309064 -0.0966912 0.82069
0.328063 -0.182474 0.773912
0.284251 -0.173813 0.864211
0.309915 -0.178867 0.822052
0.348891 -0.186539 0.666645
0.342261 -0.141944 0.72292
0.340465 -0.184932 0.72153
0.335097 -0.0554519 0.724795
0.349859 -0.0980743 0.670701
0.341372 -0.0985454 0.724072
0.350887 -0.0507559 0.502911
0.3576 -0.096426 0.55865
0.364199 -0.140124 0.498352
0.360004 -0.0947951 0.500374
0.356689 -0.14249 0.613383
0.34723 -0.0531297 0.617509
0.354744 -0.0974434 0.615492
0.35206 -0.232064 0.608144
0.360088 -0.187609 0.554338
0.355112 -0.187591 0.610995
0.363053 -0.232129 0.494204
0.364779 -0.186112 0.496433
0.354812 -0.320109 0.488079
0.338808 -0.358381 0.541229
0.344689 -0.357576 0.485189
0.354746 -0.277669 0.548235
0.360332 -0.277544 0.491251
0.344841 -0.317709 0.600763
0.349578 -0.27523 0.604646
0.335024 -0.360119 0.596759
0.253104 0.203435 0.118078
0.22988 0.247545 0.157829
0.250535 0.219935 0.200112
0.270021 0.183796 0.151405
0.251096 0.217673 0.158942
0.173937 0.295795 0.151795
0.201028 0.279793 0.204606
0.208445 0.255016 0.0997486
0.204742 0.274117 0.153286
0.19325 0.264928 0.298974
0.224342 0.248556 0.249012
0.166122 0.2964 0.255682
0.197174 0.276415 0.252836
0.273837 0.172969 0.230557
0.247672 0.201215 0.285394
0.249328 0.213762 0.242242
0.269047 0.115689 0.415447
0.243641 0.166107 0.375362
0.21248 0.178956 0.429644
0.238934 0.137098 0.472953
0.241351 0.149381 0.423
0.218341 0.218477 0.337805
0.272811 0.14513 0.319056
0.245762 0.184358 0.32963
0.157504 0.266542 0.348704
0.185529 0.224498 0.389084
0.189327 0.246276 0.344018
0.178799 0.187723 0.48375
0.149393 0.222637 0.439843
0.181979 0.203634 0.435289
0.235856 0.0765799 0.805621
0.217701 0.11212 0.775527
0.188626 0.112308 0.821548
0.212012 0.0755801 0.841201
0.213324 0.0965225 0.811853
0.226814 0.130295 0.684497
0.195015 0.146226 0.738197
0.249108 0.0961373 0.728207
0.222367 0.12354 0.732548
0.136442 0.179619 0.750387
0.163968 0.1484 0.789706
0.169138 0.174847 0.695193
0.166543 0.164739 0.744396
0.159999 0.0987976 0.865373
0.13257 0.138159 0.837992
0.161693 0.126272 0.830304
0.207042 0.158534 0.530777
0.233686 0.131486 0.579487
0.264402 0.101968 0.520397
0.236433 0.132176 0.525634
0.143538 0.198754 0.539805
0.173735 0.178964 0.589175
0.176115 0.180806 0.535582
0.201599 0.157166 0.637907
0.139858 0.195421 0.647569
0.171473 0.178284 0.642915
0.258575 0.102323 0.628487
0.230534 0.131902 0.632959
0.34742 0.00319315 0.333602
0.320929 0.0389878 0.398635
0.337836 -0.00655256 0.448549
0.342419 -0.00261151 0.390867
0.351215 0.0204208 0.221415
0.327429 0.0566863 0.291075
0.350974 0.0108683 0.277027
0.298744 0.0894187 0.355449
0.30121 0.115034 0.257783
0.300703 0.102007 0.305644
0.293232 0.0711038 0.460405
0.296022 0.0786559 0.407077
0.328122 -0.0112347 0.673608
0.30029 0.0266191 0.725054
0.308985 -0.0158364 0.772679
0.320738 -0.0133772 0.724898
0.267341 0.0573644 0.769829
0.281859 0.0674534 0.67711
0.275748 0.0634772 0.725933
0.24017 0.0457536 0.838346
0.274888 0.0183198 0.812257
0.256292 0.0501447 0.807253
0.268509 -0.018423 0.854481
0.291897 -0.0177918 0.816142
0.181753 0.135303 -0.0848536
0.213035 0.170022 -0.00953204
0.239418 0.102195 -0.0351077
0.20757 0.117335 -0.0616182
0.236523 0.195781 0.0609139
0.190293 0.237055 0.0258931
0.212268 0.218116 0.0448664
0.276588 0.155574 0.0981021
0.265278 0.133372 0.0353559
0.258648 0.173682 0.0768666
0.298292 0.0729821 0.0271766
0.270541 0.0874645 -0.00640695
0.311113 0.0304905 0.622016
0.288873 0.0678482 0.57056
0.286019 0.0682635 0.624906
0.334099 -0.00961306 0.563635
0.332102 -0.0102295 0.619617
0.315185 0.0311388 0.510574
0.335537 -0.00863692 0.506376
0.291063 0.0681481 0.515313
0.33595 0.0447295 0.115485
0.324423 0.0791082 0.189745
0.346277 0.0318576 0.16704
0.305188 0.103086 0.100412
0.320025 0.0585873 0.0683354
0.295396 0.137443 0.169109
0.288286 0.145212 0.129998
0.299573 0.127115 0.211987
0.149034 0.119255 -0.152767
0.167034 0.18223 -0.122798
0.177314 0.204818 -0.0510199
0.168725 0.158519 -0.103729
0.194921 0.221357 -0.173014
0.177164 0.238112 -0.093383
0.160058 0.168229 -0.195838
0.175228 0.201681 -0.146613
0.149721 0.3008 -0.00470029
0.167426 0.259011 -0.0241111
0.17918 0.290497 -0.0609743
0.168557 0.27236 -0.0447148
0.159665 0.285267 0.0452783
0.175009 0.248965 0.00116269
0.233098 0.21084 -0.267301
0.26422 0.274293 -0.228207
0.21819 0.281995 -0.133552
0.227725 0.245742 -0.199837
0.314639 0.343639 -0.292523
0.27622 0.344814 -0.176785
0.306638 0.268641 -0.338166
0.294985 0.306469 -0.259249
0.21453 0.407775 -0.0317089
0.225521 0.344757 -0.0845003
0.267222 0.417414 -0.116444
0.249809 0.379204 -0.0978893
0.173263 0.341693 -0.0238379
0.200073 0.314908 -0.0732157
0.192666 0.159829 -0.308601
0.240251 0.15911 -0.387649
0.279797 0.207117 -0.366981
0.238726 0.181983 -0.331175
0.213461 0.12942 -0.465108
0.265715 0.160342 -0.469212
0.195451 0.128497 -0.407372
0.233311 0.142158 -0.432916
0.305787 0.218563 -0.547441
0.307399 0.208213 -0.46356
0.259412 0.1698 -0.542722
0.290901 0.186126 -0.509143
0.330786 0.26947 -0.445487
0.31171 0.235804 -0.406418
0.32675 0.280027 -0.535933
0.321008 0.352655 -0.511417
0.329541 0.345256 -0.410956
0.333345 0.309542 -0.480189
0.272516 0.239582 -0.609537
0.296456 0.295786 -0.60247
0.307295 0.256707 -0.578835
0.240548 0.35766 -0.62796
0.289278 0.358786 -0.584918
0.246645 0.312827 -0.640337
0.274305 0.331026 -0.617491
0.295245 0.436762 -0.484187
0.255976 0.429549 -0.563622
0.295399 0.395443 -0.540067
0.335047 -0.66747 -0.026194
0.288313 -0.71953 0.0292002
0.233667 -0.718383 -0.0394682
0.288912 -0.666279 -0.0831981
0.288523 -0.704927 -0.0329901
0.276152 -0.679477 0.14116
0.227442 -0.724741 0.0933852
0.327044 -0.674066 0.0872825
0.281161 -0.710704 0.0910758
0.136631 -0.686121 0.0787634
0.172796 -0.723594 0.0247169
0.182766 -0.687312 0.135767
0.176191 -0.716151 0.0857864
0.187443 -0.669698 -0.0818819
0.136552 -0.67511 -0.0280042
0.179633 -0.708233 -0.0350267
0.2461 -0.678205 0.889508
0.198896 -0.723335 0.85193
0.248642 -0.724519 0.790895
0.288217 -0.679435 0.838379
0.246831 -0.711912 0.845432
0.113033 -0.684171 0.844965
0.148661 -0.727347 0.795626
0.15574 -0.680004 0.892121
0.151829 -0.713932 0.849146
0.157976 -0.694713 0.696986
0.198408 -0.728532 0.734591
0.115859 -0.693483 0.748115
0.153047 -0.720555 0.741401
0.283587 -0.684515 0.738785
0.24088 -0.688682 0.691628
0.244434 -0.716483 0.736358
0.342489 -0.483419 0.78141
0.32282 -0.565952 0.726198
0.30391 -0.498066 0.668956
0.331237 -0.488983 0.719836
0.31354 -0.474577 0.887895
0.331331 -0.556659 0.842236
0.337524 -0.478425 0.840051
0.319732 -0.633454 0.786428
0.294197 -0.618974 0.884469
0.315639 -0.625673 0.839496
0.28283 -0.632563 0.691009
0.308326 -0.632734 0.733956
0.0634711 -0.431765 0.851899
0.0654567 -0.515878 0.79543
0.0774719 -0.570173 0.85133
0.0969194 -0.478778 0.897495
0.0707234 -0.496321 0.852392
0.106684 -0.534636 0.682874
0.0832655 -0.591144 0.740087
0.069956 -0.47422 0.735292
0.0773661 -0.528459 0.735056
0.0840444 -0.64607 0.797118
0.119063 -0.647679 0.702012
0.0943475 -0.648249 0.746058
0.112805 -0.624088 0.888986
0.0899111 -0.634521 0.847274
0.252371 -0.581833 0.652832
0.208287 -0.52835 0.637223
0.260651 -0.513618 0.642398
0.20034 -0.651356 0.660475
0.244653 -0.641994 0.666514
0.15335 -0.595644 0.66033
0.156436 -0.650983 0.672896
0.153645 -0.534978 0.650489
0.149543 -0.554429 0.922812
0.209392 -0.47177 0.928314
0.147798 -0.472236 0.922294
0.203436 -0.628169 0.923071
0.153584 -0.625261 0.914716
0.262868 -0.552296 0.920108
0.253551 -0.622939 0.912658
0.267734 -0.472455 0.917082
0.348561 -0.464054 0.158716
0.369537 -0.538419 0.0961211
0.387436 -0.440321 0.0296682
0.376444 -0.45013 0.0999599
0.368236 -0.614976 0.0306267
0.325558 -0.615423 0.139592
0.354786 -0.614851 0.0904298
0.340742 -0.597899 -0.0798229
0.378455 -0.525308 -0.0356201
0.364087 -0.605614 -0.0296813
0.354445 -0.427851 -0.0878125
0.380964 -0.432504 -0.0361787
0.243518 -0.430642 -0.121062
0.182701 -0.527846 -0.109937
0.12704 -0.448099 -0.0735785
0.179139 -0.436248 -0.106528
0.304443 -0.521287 -0.117606
0.305291 -0.427537 -0.115465
0.241923 -0.609859 -0.117359
0.296601 -0.602967 -0.109127
0.141316 -0.607217 -0.0730372
0.186967 -0.607615 -0.104287
0.148115 -0.512563 0.149929
0.188536 -0.577394 0.174934
0.25113 -0.502745 0.197094
0.196177 -0.511769 0.183546
0.233064 -0.638226 0.175543
0.145237 -0.635178 0.13052
0.185474 -0.638484 0.162245
0.293784 -0.559568 0.181063
0.282371 -0.626877 0.167977
0.304357 -0.484216 0.189956
0.105712 -0.548895 -0.0268432
0.0997946 -0.492468 0.0352712
0.0953701 -0.405611 -0.0214782
0.102107 -0.469936 -0.0239275
0.106751 -0.633108 0.0275567
0.114552 -0.619641 -0.0267392
0.113288 -0.573273 0.0910993
0.117988 -0.635837 0.0828
0.112515 -0.451919 0.0935688
0.115559 -0.506404 0.0968639
0.271184 0.525759 -0.460079
0.285353 0.520853 -0.361551
0.308658 0.43336 -0.368305
0.291391 0.478507 -0.418527
0.278055 0.600765 -0.320108
0.282577 0.535883 -0.259681
0.267 0.601931 -0.388185
0.278645 0.563976 -0.33172
0.247008 0.54474 -0.114114
0.271214 0.498067 -0.167977
0.277875 0.55689 -0.190965
0.271665 0.531425 -0.180446
0.298509 0.427522 -0.236282
0.235335 0.485531 -0.0647615
0.272045 0.45855 -0.143225
0.317802 0.38717 -0.32759
0.192626 0.647576 -0.125774
0.267679 0.610284 -0.129549
0.326452 0.645309 -0.138504
0.252363 0.682167 -0.15033
0.258116 0.645451 -0.13607
0.289471 0.569074 -0.162469
0.324346 0.587714 -0.15672
0.239082 0.578957 -0.111996
0.279361 0.583208 -0.137022
0.401583 0.612716 -0.19176
0.380321 0.61857 -0.152413
0.35448 0.589213 -0.202564
0.367842 0.597467 -0.17194
0.388682 0.680406 -0.144893
0.430349 0.658277 -0.154382
0.384792 0.647908 -0.143704
0.294439 0.591849 -0.266039
0.318359 0.584666 -0.230094
0.294318 0.572729 -0.209871
0.28588 0.662049 -0.349089
0.312606 0.638668 -0.319124
0.290372 0.624108 -0.317788
0.375881 0.662505 -0.310821
0.343967 0.620068 -0.286887
0.345079 0.681327 -0.333156
0.34177 0.649107 -0.318477
0.380591 0.614582 -0.245535
0.347363 0.598425 -0.244565
0.393743 0.706765 -0.3123
0.444197 0.711394 -0.263256
0.419572 0.658706 -0.261892
0.412958 0.685943 -0.291128
0.452589 0.744444 -0.206816
0.471552 0.708579 -0.199184
0.43241 0.746455 -0.258303
0.460792 0.730831 -0.231063
0.447289 0.655956 -0.196803
0.447397 0.702392 -0.15815
0.460337 0.681448 -0.17325
0.417303 0.633713 -0.225256
0 0.324094 0.180165
0.0462436 0.320164 0.221337
0.0925539 0.320139 0.170699
0.0467382 0.325284 0.136739
0.0468991 0.323707 0.17766
0.0434892 0.30185 0.311934
0.0886491 0.312396 0.263435
0 0.312812 0.267846
0.0450231 0.313323 0.266515
0.132936 0.312061 0.210485
0.125628 0.296564 0.306829
0.129481 0.307575 0.259519
0.135299 0.30832 0.112598
0.13572 0.310986 0.159838
0 0.228164 0.547798
0.0364517 0.2252 0.601479
0.0735327 0.221293 0.545706
0.0377827 0.232065 0.495188
0.0369868 0.226526 0.54726
0.0357781 0.218679 0.710249
0.0717153 0.218255 0.65442
0 0.22586 0.657001
0.0360809 0.22396 0.656319
0.107651 0.210086 0.597079
0.105384 0.203917 0.704755
0.106456 0.208743 0.651454
0.111325 0.219111 0.491389
0.109197 0.212143 0.543201
0 0.20702 0.762635
0.035033 0.18494 0.809623
0.0703592 0.199987 0.759265
0.0354469 0.205232 0.761742
0.0337403 0.129119 0.889852
0.0684286 0.154761 0.849486
0 0.160642 0.853891
0.0344822 0.159128 0.852718
0.10286 0.172311 0.802347
0.0994805 0.118705 0.880737
0.101303 0.147713 0.844481
0.104202 0.191409 0.755412
0 -0.422236 0.0297518
0.0290027 -0.401336 0.00260959
0.0619855 -0.419454 0.0516405
0.032544 -0.433336 0.0684456
0.0312142 -0.420036 0.03584
0.024587 -0.350255 -0.0669927
0.0524989 -0.374486 -0.0268658
0 -0.38147 -0.0341137
0.0265726 -0.377866 -0.0315624
0.0804386 -0.407577 0.025012
0.0781392 -0.343402 -0.0680291
0.0771327 -0.378765 -0.022981
0.101981 -0.43742 0.118873
0.0918712 -0.426509 0.0746889
0 -0.369655 0.853165
0.0162142 -0.396858 0.808469
0.032518 -0.377955 0.851217
0.0173499 -0.340897 0.891348
0.0161103 -0.370733 0.852319
0.0190571 -0.436735 0.723869
0.0352263 -0.426311 0.757202
0 -0.417485 0.766409
0.0173127 -0.418962 0.764189
0.0473693 -0.423079 0.799815
0.0641499 -0.454693 0.696538
0.0543417 -0.44245 0.745122
0.0576974 -0.360469 0.893822
0.0495204 -0.395304 0.851292
0 0.284012 0.356829
0.0403407 0.264584 0.4009
0.08278 0.283223 0.354838
0.0418935 0.284411 0.356338
0.0772361 0.242537 0.445498
0 0.24666 0.447191
0.0389355 0.245943 0.446792
0.117787 0.25622 0.397308
0.114267 0.235186 0.443214
0.121652 0.278062 0.352302
0 0.337744 0.0495788
0.0441574 0.329119 0.0693112
0.084777 0.331134 0.0392602
0.0448664 0.351036 0.0368917
0.0436281 0.336529 0.047541
0.0891709 0.320583 0.0906503
0 0.327327 0.102505
0.0455092 0.326229 0.0998335
0.122579 0.311429 0.0436831
0.129137 0.308034 0.0737864
0.125569 0.33518 0.0110101
0.120968 0.319807 0.0225689
0 0.450581 0.0596803
0.0541098 0.40816 0.0483714
0.116503 0.442256 0.0399308
0.0632284 0.496693 0.0522852
0.0593708 0.448955 0.0551193
0.0954346 0.370179 0.029827
0 0.37634 0.0420973
0.0488177 0.375217 0.039732
0.153438 0.391277 0.0121446
0.13765 0.35956 0.0095734
0.18104 0.470039 0.00485434
0.169159 0.42866 0.0126096
0 0.570891 -0.534672
0.0626485 0.640189 -0.506046
0.130136 0.568004 -0.528764
0.0692761 0.505582 -0.562042
0.0664738 0.570216 -0.533525
0.0536794 0.762368 -0.447664
0.113201 0.701726 -0.474505
0 0.709164 -0.479338
0.0582379 0.707055 -0.477971
0.199905 0.685497 -0.462496
0.174025 0.632377 -0.495223
0.150533 0.744043 -0.44196
0.161614 0.694175 -0.469576
0.199187 0.49892 -0.545668
0.232047 0.565216 -0.501918
0.188173 0.564066 -0.51907
0 0.376475 -0.648788
0.0711811 0.413275 -0.623292
0.138282 0.375681 -0.645424
0.0726958 0.340957 -0.664799
0.0716465 0.376815 -0.648416
0.138821 0.452917 -0.589054
0 0.45452 -0.593995
0.0706181 0.454733 -0.593233
0.199873 0.404748 -0.612935
0.202195 0.446614 -0.579567
0.193634 0.339499 -0.652866
0.194895 0.370921 -0.637938
0 -0.233549 0.959877
0.0240468 -0.271835 0.943264
0.057123 -0.235922 0.956621
0.0306399 -0.195728 0.970285
0.0277858 -0.234252 0.959139
0.0425527 -0.311463 0.921053
0 -0.306916 0.921405
0.0202817 -0.307657 0.921165
0.0802769 -0.277764 0.939515
0.0688023 -0.319918 0.921674
0.0956803 -0.199455 0.960676
0.0895627 -0.238122 0.952018
0 -0.322733 -0.103397
0.0238367 -0.283103 -0.139843
0.049547 -0.311956 -0.105817
0.023709 -0.319134 -0.103998
0.0267024 -0.190718 -0.197111
0.0521008 -0.23408 -0.173683
0 -0.242929 -0.170415
0.0248684 -0.240765 -0.171792
0.0816243 -0.264189 -0.144485
0.0878074 -0.176513 -0.193941
0.0840611 -0.222685 -0.173847
0.0796433 -0.304819 -0.108871
0 -0.132321 -0.213832
0.0321871 -0.0691596 -0.222731
0.0599751 -0.128388 -0.209467
0.0292367 -0.131565 -0.213064
0.0381981 0.0419961 -0.235526
0.0713902 -0.00682142 -0.215572
0 -0.00964083 -0.233734
0.035269 -0.00935459 -0.229192
0.101087 -0.0620719 -0.200364
0.115674 0.055105 -0.187883
0.109216 -0.00036684 -0.192884
0.0937169 -0.121882 -0.201748
0 0.0779149 -0.251636
0.0428926 0.103386 -0.257977
0.0803711 0.0844567 -0.225271
0.0406901 0.0790388 -0.244814
0.0470212 0.120443 -0.299626
0.0884331 0.12573 -0.258533
0 0.114136 -0.282485
0.0449537 0.11665 -0.27594
0.120922 0.124855 -0.209363
0.138478 0.148595 -0.265069
0.128964 0.142918 -0.232488
0.118034 0.096215 -0.193935
0 0.113801 -0.334664
0.0518947 0.108853 -0.365753
0.097999 0.124878 -0.319976
0.0492429 0.116377 -0.329956
0.0595919 0.101024 -0.449026
0.107541 0.107031 -0.401861
0 0.101009 -0.408276
0.0552525 0.102268 -0.405836
0.150911 0.126322 -0.356271
0.16045 0.112915 -0.441079
0.153901 0.116281 -0.399697
0.145782 0.140078 -0.308863
0 0.109177 -0.495145
0.0709982 0.126709 -0.538642
0.125551 0.112279 -0.490196
0.065189 0.10952 -0.494143
0.0790718 0.182988 -0.615599
0.1475 0.153854 -0.575332
0 0.151226 -0.580589
0.0759743 0.151547 -0.579976
0.194944 0.134806 -0.523346
0.219301 0.191387 -0.600189
0.210129 0.15949 -0.56385
0.176258 0.119186 -0.482359
0 0.219576 -0.64342
0.0775425 0.260206 -0.661002
0.154044 0.222564 -0.638941
0.0792455 0.219987 -0.642965
0.144378 0.302534 -0.665208
0 0.300969 -0.668909
0.0750102 0.301309 -0.668637
0.213772 0.26767 -0.647803
0.202463 0.304851 -0.656009
0.21995 0.228648 -0.628685
0.126715 0.537337 0.0111468
0.0606884 0.60785 0.00104436
0 0.554408 0.0408567
0.0643107 0.550463 0.0321785
0.191637 0.550233 -0.0477524
0.185308 0.513743 -0.0172354
0.171165 0.605799 -0.0764289
0.209701 0.569968 -0.0807895
0.126096 0.69557 -0.127071
0.0987466 0.656786 -0.062447
0.142824 0.650926 -0.0969906
0 0.672219 -0.0228265
0.0403517 0.7183 -0.0719016
0.0504326 0.666442 -0.034872
0.237614 0.630468 -0.469873
0.258514 0.602197 -0.445199
0.253217 0.578269 -0.474783
0.212896 0.714905 -0.428435
0.240943 0.662224 -0.43894
0.224501 0.676789 -0.452578
0.246529 0.67248 -0.397952
0.254771 0.635976 -0.4207
0.226436 0.912723 -0.26973
0.21544 0.938681 -0.279423
0.201014 0.943338 -0.25145
0.214224 0.916672 -0.246046
0.216965 0.931825 -0.261167
0.196917 0.927676 -0.311546
0.191876 0.948989 -0.288378
0.216862 0.918936 -0.303965
0.207634 0.937732 -0.29671
0.1537 0.943252 -0.269054
0.17745 0.953646 -0.260405
0.165912 0.939303 -0.292739
0.173109 0.951035 -0.277835
0.179801 0.930945 -0.23207
0.159856 0.939686 -0.239651
0.180783 0.946411 -0.244635
0.207814 0.759869 -0.30299
0.191438 0.774734 -0.312022
0.199084 0.77337 -0.281405
0.209996 0.761876 -0.268358
0.201734 0.767127 -0.28955
0.161743 0.793141 -0.342758
0.178221 0.788374 -0.325575
0.180956 0.7796 -0.34144
0.178357 0.783728 -0.331262
0.18742 0.811743 -0.321532
0.192387 0.789092 -0.301842
0.165819 0.804418 -0.335288
0.181068 0.796668 -0.322844
0.202175 0.775482 -0.251997
0.203233 0.797472 -0.273932
0.199221 0.78193 -0.2764
0.181336 0.804317 -0.228606
0.151415 0.801648 -0.215482
0.168503 0.781447 -0.210541
0.192516 0.777938 -0.227759
0.174268 0.789156 -0.220565
0.108345 0.822919 -0.221075
0.12229 0.805309 -0.211386
0.135327 0.828572 -0.217894
0.128262 0.813355 -0.215464
0.103071 0.800257 -0.198013
0.137434 0.789176 -0.20042
0.0963023 0.812563 -0.21585
0.114773 0.801816 -0.205592
0.186175 0.766882 -0.204739
0.153638 0.772539 -0.191376
0.162292 0.776737 -0.200861
0.13845 0.801677 -0.350685
0.119159 0.809804 -0.331351
0.143329 0.804627 -0.337252
0.140844 0.802002 -0.341998
0.086003 0.820458 -0.291304
0.10501 0.817882 -0.310157
0.0934554 0.817549 -0.318853
0.100185 0.816042 -0.313185
0.116614 0.840248 -0.308051
0.127696 0.819206 -0.325202
0.0961567 0.829666 -0.288835
0.109848 0.825231 -0.308777
0.153713 0.826966 -0.334024
0.147191 0.8121 -0.335056
0.0710179 0.824335 -0.270682
0.0780919 0.822576 -0.248928
0.084054 0.824638 -0.268864
0.0786961 0.822795 -0.269513
0.0899479 0.821575 -0.232115
0.0751675 0.819879 -0.228529
0.084018 0.819324 -0.230668
0.102029 0.843892 -0.232989
0.0888081 0.831892 -0.249223
0.095203 0.828981 -0.232883
0.0959818 0.847028 -0.267898
0.0891348 0.832003 -0.268429
0.208076 0.764415 -0.241789
0.226075 0.759994 -0.240858
0.231902 0.754223 -0.26947
0.216972 0.759952 -0.252956
0.20189 0.765574 -0.22074
0.201854 0.770051 -0.234112
0.215759 0.757673 -0.200462
0.223444 0.760451 -0.217689
0.205912 0.761992 -0.209879
0.264144 0.760816 -0.243923
0.265103 0.760852 -0.220189
0.240714 0.760641 -0.229576
0.278995 0.751255 -0.279238
0.277858 0.727498 -0.319523
0.234872 0.742799 -0.306286
0.256224 0.744786 -0.293184
0.311167 0.763685 -0.236173
0.343965 0.756617 -0.269721
0.300161 0.759231 -0.259113
0.37536 0.738148 -0.30116
0.402685 0.758643 -0.236201
0.390758 0.753705 -0.27032
0.317986 0.708047 -0.333577
0.358205 0.712515 -0.324745
0.258236 0.693552 -0.356883
0.284726 0.698216 -0.343913
0.183529 0.754714 -0.188935
0.248651 0.737773 -0.18066
0.277376 0.753251 -0.197126
0.23327 0.750984 -0.191422
0.329845 0.712932 -0.159268
0.178779 0.718135 -0.16643
0.252112 0.713887 -0.166078
0.409003 0.736167 -0.174314
0.39942 0.710994 -0.155057
0.352617 0.756796 -0.208565
0.409429 0.752424 -0.202781
0.303456 0.759588 -0.213776
0.0705006 0.811753 -0.205807
0.0602661 0.797425 -0.177797
0.106741 0.782082 -0.178969
0.0845451 0.798015 -0.188581
0 0.80352 -0.16013
0.0359638 0.781745 -0.13792
0.0258744 0.814456 -0.19275
0.0313039 0.800824 -0.16616
0.0771688 0.744134 -0.128582
0 0.760454 -0.0953915
0.0372542 0.755486 -0.106376
0.128352 0.75368 -0.16956
0.122404 0.729951 -0.151266
0.140544 0.766364 -0.181936
0.0269807 0.832763 -0.306956
0.0647564 0.824008 -0.337021
0.0438017 0.818098 -0.377412
0 0.831312 -0.342444
0.0352238 0.828719 -0.341387
0.105446 0.812324 -0.352131
0.0673729 0.8251 -0.299446
0.0829065 0.820245 -0.328154
0.163948 0.787613 -0.366372
0.134148 0.794627 -0.38492
0.134862 0.801108 -0.364702
0.0968568 0.789376 -0.411772
0.176513 0.760515 -0.410655
0.140375 0.776566 -0.412207
0 0.800708 -0.414889
0.0494105 0.797681 -0.413491
0.0431316 0.822381 -0.222498
0.0209585 0.83068 -0.246717
0 0.825505 -0.217769
0.0222752 0.824379 -0.219341
0.0571055 0.825864 -0.248034
0.0611506 0.820889 -0.225684
0.0427143 0.830406 -0.274631
0.0589761 0.827121 -0.27268
0 0.834904 -0.275945
0.0223763 0.833445 -0.275661
0.192333 0.761236 -0.378584
0.220893 0.723503 -0.390265
0.20182 0.742487 -0.402976
0.202503 0.759013 -0.342238
0.185497 0.772855 -0.357643
0.229147 0.73046 -0.348619
0.217964 0.748268 -0.323878
0.238328 0.704586 -0.373617
0.182638 0.844163 -0.332751
0.20855 0.866089 -0.317157
0.208154 0.830042 -0.298948
0.197796 0.836731 -0.320106
0.225435 0.891324 -0.293612
0.202088 0.898609 -0.32219
0.216036 0.894273 -0.311279
0.221713 0.885753 -0.253374
0.22169 0.856724 -0.273536
0.227222 0.886884 -0.273083
0.207473 0.823979 -0.249259
0.212209 0.824662 -0.273398
0.113654 0.869597 -0.287244
0.140188 0.893495 -0.304854
0.144889 0.85895 -0.323167
0.127225 0.865094 -0.306986
0.170407 0.915574 -0.314537
0.141278 0.921251 -0.283964
0.154011 0.919177 -0.300925
0.17602 0.88052 -0.329499
0.186655 0.907214 -0.322451
0.164181 0.851772 -0.332764
0.125921 0.862724 -0.222037
0.126235 0.896792 -0.232757
0.106278 0.87162 -0.248059
0.112672 0.868658 -0.232446
0.136706 0.926532 -0.249134
0.152825 0.914652 -0.226568
0.141818 0.921807 -0.235425
0.120264 0.900007 -0.266157
0.136018 0.925025 -0.266007
0.106638 0.871852 -0.266963
0.201725 0.863227 -0.234578
0.169297 0.842653 -0.222278
0.191458 0.831381 -0.232334
0.191735 0.902282 -0.228209
0.209229 0.892731 -0.238166
0.158724 0.882351 -0.220155
0.171199 0.908866 -0.224253
0.146124 0.853579 -0.218747
0.183641 -0.455489 0.534379
0.20511 -0.461837 0.475502
0.228365 -0.446181 0.420977
0.21326 -0.450303 0.478539
0.102981 -0.465723 0.632974
0.142559 -0.466669 0.57469
0.143787 -0.462243 0.587914
0.132033 -0.481167 0.556781
0.17086 -0.474631 0.521789
0.109552 -0.472057 0.595485
0.140849 -0.473458 0.563316
0.206663 -0.472505 0.418626
0.176881 -0.48852 0.469991
0.194975 -0.474631 0.472428
0.0439995 -0.453929 0.682063
0.0755892 -0.465387 0.639018
0.0705061 -0.461083 0.663389
0 -0.448613 0.69461
0.0238268 -0.46053 0.664171
0.0210984 -0.44987 0.691901
0.0329053 -0.483094 0.604968
0.0549351 -0.471091 0.629642
0 -0.470799 0.638539
0.0276324 -0.470883 0.636565
0.0917758 -0.479034 0.591505
0.0815781 -0.471375 0.616771
0.065741 -0.440111 0.119726
0.0317646 -0.445352 0.134276
0 -0.441491 0.0941719
0.0323291 -0.440606 0.100743
0.138015 -0.443895 0.192281
0.0965198 -0.444834 0.175662
0.101319 -0.442167 0.150389
0.0981278 -0.457279 0.230677
0.0636123 -0.450028 0.182161
0.124102 -0.450719 0.228684
0.0942201 -0.449501 0.201118
0 -0.451738 0.166652
0.034368 -0.461296 0.211229
0.0320458 -0.45108 0.17059
0.205661 -0.440923 0.30331
0.163536 -0.447685 0.255959
0.174785 -0.442414 0.24495
0.213095 -0.454425 0.36305
0.224677 -0.442616 0.362277
0.178344 -0.481123 0.364052
0.179537 -0.460826 0.31166
0.199389 -0.4673 0.363772
0.138385 -0.462583 0.271465
0.153491 -0.454897 0.266081
0 -0.501354 0.566258
0.0472884 -0.515301 0.519274
0.0774159 -0.49456 0.56248
0.0400356 -0.499329 0.565268
0.0552219 -0.529321 0.415644
0.102374 -0.516827 0.468605
0 -0.53078 0.469003
0.0529288 -0.526727 0.468796
0.12906 -0.497175 0.517019
0.151776 -0.503865 0.416665
0.144853 -0.503338 0.468859
0.109485 -0.488354 0.558077
0 -0.522771 0.361177
0.046641 -0.500432 0.308431
0.101727 -0.509066 0.362546
0.0524328 -0.518796 0.361628
0.0778956 -0.474931 0.261875
0 -0.481524 0.256229
0.0399262 -0.479506 0.257737
0.12954 -0.482953 0.312862
0.111951 -0.469275 0.268257
0.144743 -0.495777 0.363499
0.16267 -0.0297463 0.947597
0.137897 -0.0298265 0.961061
0.139042 -0.0451633 0.963659
0.164631 -0.0504489 0.951176
0.150007 -0.038161 0.957034
0.109331 -0.0304408 0.974293
0.122462 -0.037914 0.969963
0.130968 -0.0135459 0.956851
0.124172 -0.0273895 0.966259
0.133714 -0.0642499 0.965416
0.109851 -0.0516794 0.976283
0.125245 -0.0487781 0.969619
0.172782 -0.0812671 0.947651
0.213918 -0.078022 0.922841
0.18873 -0.0434748 0.935764
0.185903 -0.064746 0.940486
0.119758 -0.0911109 0.968067
0.163882 -0.120989 0.949271
0.149065 -0.0885975 0.957545
0.209867 -0.161573 0.925244
0.133001 -0.161124 0.956956
0.170754 -0.160591 0.943861
0.24743 -0.125194 0.898745
0.2493 -0.167014 0.898651
0.247517 -0.0516572 0.891815
0.248772 -0.0872467 0.896118
0.206641 -0.0168625 0.913183
0.165953 -0.00373407 0.934179
0.181563 -0.0218941 0.9332
0.225597 0.0165132 0.878354
0.237857 -0.0169093 0.886885
0.188508 0.055577 0.881861
0.216542 0.0481267 0.863247
0.128713 0.0776757 0.9026
0.155037 0.0342159 0.918365
0.159167 0.0664178 0.894094
0.116698 0.0146029 0.948102
0.143447 0.00727528 0.940085
0.0272441 0.00174637 0.985368
0.0591053 0.0273947 0.96148
0.0314129 0.062618 0.944549
0 0.031249 0.967483
0.0296124 0.0304081 0.965777
0.0939443 0.0532189 0.93429
0.0802969 -0.0053962 0.974961
0.0883591 0.0217178 0.955411
0.0652762 0.0925539 0.91594
0.0973395 0.0863776 0.910036
0 0.0974522 0.921309
0.032753 0.0962353 0.919852
0.0640997 -0.158632 0.974036
0.0313918 -0.121887 0.983992
0 -0.156323 0.979553
0.0317497 -0.157085 0.978196
0.0956523 -0.123707 0.972085
0.0976501 -0.160225 0.966985
0.0810019 -0.0733797 0.982855
0.05977 -0.0942344 0.98419
0.0898671 -0.0931811 0.977114
0 -0.0930316 0.990478
0.0273784 -0.0760818 0.993721
0.0298425 -0.0936976 0.988793
0.0955999 -0.0476973 0.985969
0.0789269 -0.06284 0.994959
0.0864529 -0.0640166 0.98579
0.0940951 -0.0565412 0.98502
0.0861068 -0.0306433 0.989153
0.0788425 -0.0488271 1.00064
0.0938769 -0.0385712 0.986828
0.0525009 -0.0662129 1.0231
0.0666347 -0.0644079 1.00864
0.0598411 -0.0536198 1.01768
0.0652608 -0.0582549 1.01251
0.0598989 -0.0753391 1.00401
0.0525276 -0.0775374 1.01483
0.0652946 -0.0700523 1.00523
0.0476184 -0.0223971 1.0006
0.0582598 -0.0403976 1.0119
0.0694706 -0.025394 0.994502
0 -0.0210975 1.00705
0.0209047 -0.039677 1.02317
0.0242006 -0.0212264 1.00515
0.0152462 -0.0676801 1.04602
0.0344846 -0.0534302 1.03232
0 -0.0555541 1.03946
0.0177789 -0.0547726 1.03745
0.0426567 -0.0627588 1.03251
0.0490439 -0.0525287 1.02501
0.0477856 -0.0718253 0.995571
0.0209476 -0.0779737 1.00716
0 -0.0724905 1.00177
0.0242757 -0.0726037 0.999895
0.0583871 -0.073576 0.998233
0.0697639 -0.0690371 0.990088
0.0427012 -0.0854758 1.01505
0.0345351 -0.0845283 1.01121
0.0491057 -0.0804193 1.00671
0 -0.0876552 1.01738
0.0152667 -0.0940994 1.02438
0.0178069 -0.0869021 1.01538
0.0271444 -0.0763309 1.04139
0.0394909 -0.0796254 1.02906
0.0399318 -0.0720589 1.03309
0 -0.0809251 1.049
0.0132272 -0.0889316 1.04223
0.0137291 -0.0795664 1.04692
0.0271637 -0.0905263 1.02914
0 -0.0956202 1.03609
0.01374 -0.0942759 1.03402
0.0399551 -0.0846544 1.02277
-0.341299 -0.375944 0.366232
-0.317818 -0.392423 0.305485
-0.289638 -0.411984 0.363044
-0.313121 -0.40468 0.424303
-0.317288 -0.397295 0.364448
-0.312495 -0.42258 0.208415
-0.274846 -0.418754 0.252658
-0.350284 -0.364453 0.244783
-0.316601 -0.396416 0.250199
-0.194817 -0.437402 0.239358
-0.251544 -0.422435 0.302332
-0.2099 -0.457622 0.202318
-0.231211 -0.430966 0.245486
-0.261632 -0.427221 0.422701
-0.23935 -0.43199 0.361842
-0.262332 -0.422664 0.362137
-0.275025 -0.421949 0.482067
-0.291362 -0.413379 0.536815
-0.328162 -0.387696 0.483083
-0.303426 -0.408222 0.482265
-0.225399 -0.440193 0.480871
-0.222989 -0.439421 0.53835
-0.247502 -0.431674 0.481825
-0.164011 -0.483033 0.631406
-0.236564 -0.444228 0.584476
-0.156119 -0.458526 0.595789
-0.191143 -0.453861 0.591118
-0.315111 -0.397679 0.592146
-0.26979 -0.455493 0.624003
-0.280089 -0.425608 0.586435
-0.339519 -0.257182 -0.0802831
-0.283535 -0.198083 -0.11242
-0.23546 -0.269794 -0.12322
-0.300873 -0.335808 -0.11045
-0.292915 -0.260195 -0.110308
-0.26898 -0.103901 -0.112945
-0.224047 -0.163495 -0.142015
-0.318497 -0.140059 -0.0746981
-0.274851 -0.146856 -0.114171
-0.123113 -0.206388 -0.170045
-0.173106 -0.230478 -0.142628
-0.172014 -0.141551 -0.170002
-0.171621 -0.184999 -0.160037
-0.176383 -0.34915 -0.10631
-0.119478 -0.295776 -0.113872
-0.174532 -0.282877 -0.121531
-0.273281 0.0420733 -0.0438498
-0.232462 0.00608204 -0.106821
-0.269878 -0.0318881 -0.0928838
-0.307808 -0.00318692 -0.0317095
-0.272342 0.00331308 -0.0724007
-0.148915 0.00578811 -0.165362
-0.182883 -0.0457092 -0.157469
-0.199052 0.0623656 -0.105989
-0.190658 0.0074224 -0.137241
-0.222802 -0.0788504 -0.141507
-0.131964 -0.111136 -0.188613
-0.176218 -0.0952439 -0.168768
-0.308256 -0.0631453 -0.0619102
-0.26804 -0.0666021 -0.106124
-0.26887 -0.396352 0.909752
-0.214141 -0.334681 0.919903
-0.263105 -0.289222 0.900577
-0.30851 -0.340088 0.875405
-0.266995 -0.336923 0.904292
-0.104904 -0.328487 0.922781
-0.164801 -0.284207 0.93026
-0.149733 -0.3934 0.920339
-0.15673 -0.332639 0.924128
-0.172003 -0.202637 0.93974
-0.215216 -0.244729 0.920604
-0.126656 -0.240414 0.945024
-0.169955 -0.242358 0.935335
-0.293898 -0.252639 0.867139
-0.253262 -0.209214 0.897882
-0.258195 -0.248301 0.898482
-0.375987 -0.340814 -0.0337268
-0.380901 -0.277243 0.032671
-0.358457 -0.200112 -0.0267162
-0.367895 -0.263853 -0.0306343
-0.375596 -0.311145 0.175939
-0.382253 -0.237542 0.105277
-0.379176 -0.364086 0.102343
-0.381399 -0.294389 0.103665
-0.379025 -0.149836 0.112764
-0.369603 -0.166291 0.0406057
-0.385185 -0.214712 0.178025
-0.38088 -0.190046 0.108528
-0.342627 -0.106257 -0.015664
-0.349444 -0.148083 -0.0217878
-0.351404 -0.354331 0.427814
-0.367965 -0.307651 0.370431
-0.363729 -0.333817 0.306674
-0.35769 -0.345276 0.36828
-0.376188 -0.22098 0.374406
-0.380079 -0.252636 0.309953
-0.366553 -0.273812 0.432936
-0.373629 -0.265433 0.372527
-0.379525 -0.278609 0.243679
-0.386398 -0.194374 0.247084
-0.384425 -0.235652 0.245143
-0.369702 -0.323364 0.243084
-0.359143 -0.0454376 0.384517
-0.376221 -0.0834201 0.319025
-0.375379 -0.132559 0.377674
-0.363531 -0.0923241 0.440867
-0.369754 -0.0887861 0.380331
-0.380073 -0.0641595 0.195141
-0.385994 -0.115397 0.252169
-0.369328 -0.0337485 0.265179
-0.380479 -0.0754649 0.257209
-0.383633 -0.167556 0.313214
-0.386429 -0.137312 0.183762
-0.387444 -0.154662 0.24911
-0.370145 -0.182621 0.437038
-0.377148 -0.176656 0.375911
-0.338487 -0.0443826 0.00235778
-0.357964 -0.0317511 0.0731655
-0.331012 0.0171674 0.0389716
-0.336366 -0.0157204 0.0175237
-0.363023 -0.0919062 0.0524717
-0.339774 -0.073126 -0.00816016
-0.37698 -0.0821329 0.123634
-0.378431 -0.114848 0.117331
-0.363023 -0.0117289 0.147082
-0.372551 -0.0487428 0.133083
-0.324728 -0.29766 0.82767
-0.340911 -0.350598 0.77666
-0.336842 -0.40362 0.835552
-0.331904 -0.344898 0.831349
-0.311718 -0.219243 0.822794
-0.331546 -0.262105 0.774295
-0.317327 -0.257308 0.824743
-0.344609 -0.271269 0.661246
-0.340676 -0.308781 0.717453
-0.338685 -0.226798 0.720092
-0.339619 -0.266826 0.718796
-0.335933 -0.414813 0.716014
-0.334716 -0.360298 0.654176
-0.339263 -0.356428 0.715872
-0.304296 -0.0566442 0.818942
-0.32815 -0.0982774 0.774453
-0.309753 -0.137557 0.821642
-0.282982 -0.0932074 0.86163
-0.309064 -0.0966912 0.82069
-0.349859 -0.0980743 0.670701
-0.342261 -0.141944 0.72292
-0.335097 -0.0554519 0.724795
-0.341372 -0.0985454 0.724072
-0.328063 -0.182474 0.773912
-0.348891 -0.186539 0.666645
-0.340465 -0.184932 0.72153
-0.284251 -0.173813 0.864211
-0.309915 -0.178867 0.822052
-0.364199 -0.140124 0.498352
-0.3576 -0.096426 0.55865
-0.350887 -0.0507559 0.502911
-0.360004 -0.0947951 0.500374
-0.363053 -0.232129 0.494204
-0.360088 -0.187609 0.554338
-0.364779 -0.186112 0.496433
-0.356689 -0.14249 0.613383
-0.35206 -0.232064 0.608144
-0.355112 -0.187591 0.610995
-0.34723 -0.0531297 0.617509
-0.354744 -0.0974434 0.615492
-0.338808 -0.358381 0.541229
-0.354812 -0.320109 0.488079
-0.344689 -0.357576 0.485189
-0.344841 -0.317709 0.600763
-0.335024 -0.360119 0.596759
-0.354746 -0.277669 0.548235
-0.349578 -0.27523 0.604646
-0.360332 -0.277544 0.491251
-0.270021 0.183796 0.151405
-0.250535 0.219935 0.200112
-0.22988 0.247545 0.157829
-0.253104 0.203435 0.118078
-0.251096 0.217673 0.158942
-0.247672 0.201215 0.285394
-0.224342 0.248556 0.249012
-0.273837 0.172969 0.230557
-0.249328 0.213762 0.242242
-0.166122 0.2964 0.255682
-0.201028 0.279793 0.204606
-0.19325 0.264928 0.298974
-0.197174 0.276415 0.252836
-0.208445 0.255016 0.0997486
-0.173937 0.295795 0.151795
-0.204742 0.274117 0.153286
-0.238934 0.137098 0.472953
-0.21248 0.178956 0.429644
-0.243641 0.166107 0.375362
-0.269047 0.115689 0.415447
-0.241351 0.149381 0.423
-0.149393 0.222637 0.439843
-0.185529 0.224498 0.389084
-0.178799 0.187723 0.48375
-0.181979 0.203634 0.435289
-0.218341 0.218477 0.337805
-0.157504 0.266542 0.348704
-0.189327 0.246276 0.344018
-0.272811 0.14513 0.319056
-0.245762 0.184358 0.32963
-0.212012 0.0755801 0.841201
-0.188626 0.112308 0.821548
-0.217701 0.11212 0.775527
-0.235856 0.0765799 0.805621
-0.213324 0.0965225 0.811853
-0.13257 0.138159 0.837992
-0.163968 0.1484 0.789706
-0.159999 0.0987976 0.865373
-0.161693 0.126272 0.830304
-0.169138 0.174847 0.695193
-0.195015 0.146226 0.738197
-0.136442 0.179619 0.750387
-0.166543 0.164739 0.744396
-0.249108 0.0961373 0.728207
-0.226814 0.130295 0.684497
-0.222367 0.12354 0.732548
-0.264402 0.101968 0.520397
-0.233686 0.131486 0.579487
-0.207042 0.158534 0.530777
-0.236433 0.132176 0.525634
-0.201599 0.157166 0.637907
-0.258575 0.102323 0.628487
-0.230534 0.131902 0.632959
-0.139858 0.195421 0.647569
-0.173735 0.178964 0.589175
-0.171473 0.178284 0.642915
-0.143538 0.198754 0.539805
-0.176115 0.180806 0.535582
-0.337836 -0.00655256 0.448549
-0.320929 0.0389878 0.398635
-0.34742 0.00319315 0.333602
-0.342419 -0.00261151 0.390867
-0.298744 0.0894187 0.355449
-0.293232 0.0711038 0.460405
-0.296022 0.0786559 0.407077
-0.30121 0.115034 0.257783
-0.327429 0.0566863 0.291075
-0.300703 0.102007 0.305644
-0.351215 0.0204208 0.221415
-0.350974 0.0108683 0.277027
-0.308985 -0.0158364 0.772679
-0.30029 0.0266191 0.725054
-0.328122 -0.0112347 0.673608
-0.320738 -0.0133772 0.724898
-0.268509 -0.018423 0.854481
-0.274888 0.0183198 0.812257
-0.291897 -0.0177918 0.816142
-0.267341 0.0573644 0.769829
-0.24017 0.0457536 0.838346
-0.256292 0.0501447 0.807253
-0.281859 0.0674534 0.67711
-0.275748 0.0634772 0.725933
-0.239418 0.102195 -0.0351077
-0.213035 0.170022 -0.00953204
-0.181753 0.135303 -0.0848536
-0.20757 0.117335 -0.0616182
-0.298292 0.0729821 0.0271766
-0.265278 0.133372 0.0353559
-0.270541 0.0874645 -0.00640695
-0.236523 0.195781 0.0609139
-0.276588 0.155574 0.0981021
-0.258648 0.173682 0.0768666
-0.190293 0.237055 0.0258931
-0.212268 0.218116 0.0448664
-0.288873 0.0678482 0.57056
-0.311113 0.0304905 0.622016
-0.286019 0.0682635 0.624906
-0.315185 0.0311388 0.510574
-0.291063 0.0681481 0.515313
-0.334099 -0.00961306 0.563635
-0.335537 -0.00863692 0.506376
-0.332102 -0.0102295 0.619617
-0.324423 0.0791082 0.189745
-0.33595 0.0447295 0.115485
-0.346277 0.0318576 0.16704
-0.295396 0.137443 0.169109
-0.299573 0.127115 0.211987
-0.305188 0.103086 0.100412
-0.288286 0.145212 0.129998
-0.320025 0.0585873 0.0683354
-0.177314 0.204818 -0.0510199
-0.167034 0.18223 -0.122798
-0.149034 0.119255 -0.152767
-0.168725 0.158519 -0.103729
-0.159665 0.285267 0.0452783
-0.167426 0.259011 -0.0241111
-0.175009 0.248965 0.00116269
-0.17918 0.290497 -0.0609743
-0.177164 0.238112 -0.093383
-0.149721 0.3008 -0.00470029
-0.168557 0.27236 -0.0447148
-0.160058 0.168229 -0.195838
-0.194921 0.221357 -0.173014
-0.175228 0.201681 -0.146613
-0.21819 0.281995 -0.133552
-0.26422 0.274293 -0.228207
-0.233098 0.21084 -0.267301
-0.227725 0.245742 -0.199837
-0.173263 0.341693 -0.0238379
-0.225521 0.344757 -0.0845003
-0.200073 0.314908 -0.0732157
-0.267222 0.417414 -0.116444
-0.27622 0.344814 -0.176785
-0.21453 0.407775 -0.0317089
-0.249809 0.379204 -0.0978893
-0.306638 0.268641 -0.338166
-0.314639 0.343639 -0.292523
-0.294985 0.306469 -0.259249
-0.279797 0.207117 -0.366981
-0.240251 0.15911 -0.387649
-0.192666 0.159829 -0.308601
-0.238726 0.181983 -0.331175
-0.330786 0.26947 -0.445487
-0.307399 0.208213 -0.46356
-0.31171 0.235804 -0.406418
-0.259412 0.1698 -0.542722
-0.265715 0.160342 -0.469212
-0.305787 0.218563 -0.547441
-0.290901 0.186126 -0.509143
-0.195451 0.128497 -0.407372
-0.213461 0.12942 -0.465108
-0.233311 0.142158 -0.432916
-0.329541 0.345256 -0.410956
-0.321008 0.352655 -0.511417
-0.32675 0.280027 -0.535933
-0.333345 0.309542 -0.480189
-0.255976 0.429549 -0.563622
-0.289278 0.358786 -0.584918
-0.295245 0.436762 -0.484187
-0.295399 0.395443 -0.540067
-0.246645 0.312827 -0.640337
-0.296456 0.295786 -0.60247
-0.240548 0.35766 -0.62796
-0.274305 0.331026 -0.617491
-0.272516 0.239582 -0.609537
-0.307295 0.256707 -0.578835
-0.288912 -0.666279 -0.0831981
-0.233667 -0.718383 -0.0394682
-0.288313 -0.71953 0.0292002
-0.335047 -0.66747 -0.026194
-0.288523 -0.704927 -0.0329901
-0.136552 -0.67511 -0.0280042
-0.172796 -0.723594 0.0247169
-0.187443 -0.669698 -0.0818819
-0.179633 -0.708233 -0.0350267
-0.182766 -0.687312 0.135767
-0.227442 -0.724741 0.0933852
-0.136631 -0.686121 0.0787634
-0.176191 -0.716151 0.0857864
-0.327044 -0.674066 0.0872825
-0.276152 -0.679477 0.14116
-0.281161 -0.710704 0.0910758
-0.288217 -0.679435 0.838379
-0.248642 -0.724519 0.790895
-0.198896 -0.723335 0.85193
-0.2461 -0.678205 0.889508
-0.246831 -0.711912 0.845432
-0.24088 -0.688682 0.691628
-0.198408 -0.728532 0.734591
-0.283587 -0.684515 0.738785
-0.244434 -0.716483 0.736358
-0.115859 -0.693483 0.748115
-0.148661 -0.727347 0.795626
-0.157976 -0.694713 0.696986
-0.153047 -0.720555 0.741401
-0.15574 -0.680004 0.892121
-0.113033 -0.684171 0.844965
-0.151829 -0.713932 0.849146
-0.30391 -0.498066 0.668956
-0.32282 -0.565952 0.726198
-0.342489 -0.483419 0.78141
-0.331237 -0.488983 0.719836
-0.319732 -0.633454 0.786428
-0.28283 -0.632563 0.691009
-0.308326 -0.632734 0.733956
-0.294197 -0.618974 0.884469
-0.331331 -0.556659 0.842236
-0.315639 -0.625673 0.839496
-0.31354 -0.474577 0.887895
-0.337524 -0.478425 0.840051
-0.0969194 -0.478778 0.897495
-0.0774719 -0.570173 0.85133
-0.0654567 -0.515878 0.79543
-0.0634711 -0.431765 0.851899
-0.0707234 -0.496321 0.852392
-0.0840444 -0.64607 0.797118
-0.112805 -0.624088 0.888986
-0.0899111 -0.634521 0.847274
-0.119063 -0.647679 0.702012
-0.0832655 -0.591144 0.740087
-0.0943475 -0.648249 0.746058
-0.069956 -0.47422 0.735292
-0.106684 -0.534636 0.682874
-0.0773661 -0.528459 0.735056
-0.208287 -0.52835 0.637223
-0.252371 -0.581833 0.652832
-0.260651 -0.513618 0.642398
-0.15335 -0.595644 0.66033
-0.153645 -0.534978 0.650489
-0.20034 -0.651356 0.660475
-0.156436 -0.650983 0.672896
-0.244653 -0.641994 0.666514
-0.209392 -0.47177 0.928314
-0.149543 -0.554429 0.922812
-0.147798 -0.472236 0.922294
-0.262868 -0.552296 0.920108
-0.267734 -0.472455 0.917082
-0.203436 -0.628169 0.923071
-0.253551 -0.622939 0.912658
-0.153584 -0.625261 0.914716
-0.387436 -0.440321 0.0296682
-0.369537 -0.538419 0.0961211
-0.348561 -0.464054 0.158716
-0.376444 -0.45013 0.0999599
-0.354445 -0.427851 -0.0878125
-0.378455 -0.525308 -0.0356201
-0.380964 -0.432504 -0.0361787
-0.368236 -0.614976 0.0306267
-0.340742 -0.597899 -0.0798229
-0.364087 -0.605614 -0.0296813
-0.325558 -0.615423 0.139592
-0.354786 -0.614851 0.0904298
-0.12704 -0.448099 -0.0735785
-0.182701 -0.527846 -0.109937
-0.243518 -0.430642 -0.121062
-0.179139 -0.436248 -0.106528
-0.241923 -0.609859 -0.117359
-0.141316 -0.607217 -0.0730372
-0.186967 -0.607615 -0.104287
-0.304443 -0.521287 -0.117606
-0.296601 -0.602967 -0.109127
-0.305291 -0.427537 -0.115465
-0.25113 -0.502745 0.197094
-0.188536 -0.577394 0.174934
-0.148115 -0.512563 0.149929
-0.196177 -0.511769 0.183546
-0.293784 -0.559568 0.181063
-0.304357 -0.484216 0.189956
-0.233064 -0.638226 0.175543
-0.282371 -0.626877 0.167977
-0.145237 -0.635178 0.13052
-0.185474 -0.638484 0.162245
-0.0953701 -0.405611 -0.0214782
-0.0997946 -0.492468 0.0352712
-0.105712 -0.548895 -0.0268432
-0.102107 -0.469936 -0.0239275
-0.113288 -0.573273 0.0910993
-0.112515 -0.451919 0.0935688
-0.115559 -0.506404 0.0968639
-0.106751 -0.633108 0.0275567
-0.117988 -0.635837 0.0828
-0.114552 -0.619641 -0.0267392
-0.308658 0.43336 -0.368305
-0.285353 0.520853 -0.361551
-0.271184 0.525759 -0.460079
-0.291391 0.478507 -0.418527
-0.298509 0.427522 -0.236282
-0.317802 0.38717 -0.32759
-0.235335 0.485531 -0.0647615
-0.271214 0.498067 -0.167977
-0.272045 0.45855 -0.143225
-0.277875 0.55689 -0.190965
-0.282577 0.535883 -0.259681
-0.247008 0.54474 -0.114114
-0.271665 0.531425 -0.180446
-0.267 0.601931 -0.388185
-0.278055 0.600765 -0.320108
-0.278645 0.563976 -0.33172
-0.252363 0.682167 -0.15033
-0.326452 0.645309 -0.138504
-0.267679 0.610284 -0.129549
-0.192626 0.647576 -0.125774
-0.258116 0.645451 -0.13607
-0.430349 0.658277 -0.154382
-0.380321 0.61857 -0.152413
-0.388682 0.680406 -0.144893
-0.384792 0.647908 -0.143704
-0.35448 0.589213 -0.202564
-0.324346 0.587714 -0.15672
-0.401583 0.612716 -0.19176
-0.367842 0.597467 -0.17194
-0.239082 0.578957 -0.111996
-0.289471 0.569074 -0.162469
-0.279361 0.583208 -0.137022
-0.318359 0.584666 -0.230094
-0.294439 0.591849 -0.266039
-0.294318 0.572729 -0.209871
-0.380591 0.614582 -0.245535
-0.343967 0.620068 -0.286887
-0.347363 0.598425 -0.244565
-0.345079 0.681327 -0.333156
-0.312606 0.638668 -0.319124
-0.375881 0.662505 -0.310821
-0.34177 0.649107 -0.318477
-0.28588 0.662049 -0.349089
-0.290372 0.624108 -0.317788
-0.419572 0.658706 -0.261892
-0.444197 0.711394 -0.263256
-0.393743 0.706765 -0.3123
-0.412958 0.685943 -0.291128
-0.447289 0.655956 -0.196803
-0.417303 0.633713 -0.225256
-0.447397 0.702392 -0.15815
-0.471552 0.708579 -0.199184
-0.460337 0.681448 -0.17325
-0.43241 0.746455 -0.258303
-0.452589 0.744444 -0.206816
-0.460792 0.730831 -0.231063
-0.0467382 0.325284 0.136739
-0.0925539 0.320139 0.170699
-0.0462436 0.320164 0.221337
-0.0468991 0.323707 0.17766
-0.132936 0.312061 0.210485
-0.135299 0.30832 0.112598
-0.13572 0.310986 0.159838
-0.125628 0.296564 0.306829
-0.0886491 0.312396 0.263435
-0.129481 0.307575 0.259519
-0.0434892 0.30185 0.311934
-0.0450231 0.313323 0.266515
-0.0377827 0.232065 0.495188
-0.0735327 0.221293 0.545706
-0.0364517 0.2252 0.601479
-0.0369868 0.226526 0.54726
-0.107651 0.210086 0.597079
-0.111325 0.219111 0.491389
-0.109197 0.212143 0.543201
-0.105384 0.203917 0.704755
-0.0717153 0.218255 0.65442
-0.106456 0.208743 0.651454
-0.0357781 0.218679 0.710249
-0.0360809 0.22396 0.656319
-0.0703592 0.199987 0.759265
-0.035033 0.18494 0.809623
-0.0354469 0.205232 0.761742
-0.10286 0.172311 0.802347
-0.104202 0.191409 0.755412
-0.0994805 0.118705 0.880737
-0.0684286 0.154761 0.849486
-0.101303 0.147713 0.844481
-0.0337403 0.129119 0.889852
-0.0344822 0.159128 0.852718
-0.032544 -0.433336 0.0684456
-0.0619855 -0.419454 0.0516405
-0.0290027 -0.401336 0.00260959
-0.0312142 -0.420036 0.03584
-0.0804386 -0.407577 0.025012
-0.101981 -0.43742 0.118873
-0.0918712 -0.426509 0.0746889
-0.0781392 -0.343402 -0.0680291
-0.0524989 -0.374486 -0.0268658
-0.0771327 -0.378765 -0.022981
-0.024587 -0.350255 -0.0669927
-0.0265726 -0.377866 -0.0315624
-0.0173499 -0.340897 0.891348
-0.032518 -0.377955 0.851217
-0.0162142 -0.396858 0.808469
-0.0161103 -0.370733 0.852319
-0.0473693 -0.423079 0.799815
-0.0576974 -0.360469 0.893822
-0.0495204 -0.395304 0.851292
-0.0641499 -0.454693 0.696538
-0.0352263 -0.426311 0.757202
-0.0543417 -0.44245 0.745122
-0.0190571 -0.436735 0.723869
-0.0173127 -0.418962 0.764189
-0.08278 0.283223 0.354838
-0.0403407 0.264584 0.4009
-0.0418935 0.284411 0.356338
-0.117787 0.25622 0.397308
-0.121652 0.278062 0.352302
-0.0772361 0.242537 0.445498
-0.114267 0.235186 0.443214
-0.0389355 0.245943 0.446792
-0.0448664 0.351036 0.0368917
-0.084777 0.331134 0.0392602
-0.0441574 0.329119 0.0693112
-0.0436281 0.336529 0.047541
-0.122579 0.311429 0.0436831
-0.125569 0.33518 0.0110101
-0.120968 0.319807 0.0225689
-0.0891709 0.320583 0.0906503
-0.129137 0.308034 0.0737864
-0.0455092 0.326229 0.0998335
-0.0632284 0.496693 0.0522852
-0.116503 0.442256 0.0399308
-0.0541098 0.40816 0.0483714
-0.0593708 0.448955 0.0551193
-0.153438 0.391277 0.0121446
-0.18104 0.470039 0.00485434
-0.169159 0.42866 0.0126096
-0.0954346 0.370179 0.029827
-0.13765 0.35956 0.0095734
-0.0488177 0.375217 0.039732
-0.0692761 0.505582 -0.562042
-0.130136 0.568004 -0.528764
-0.0626485 0.640189 -0.506046
-0.0664738 0.570216 -0.533525
-0.232047 0.565216 -0.501918
-0.174025 0.632377 -0.495223
-0.199187 0.49892 -0.545668
-0.188173 0.564066 -0.51907
-0.150533 0.744043 -0.44196
-0.113201 0.701726 -0.474505
-0.199905 0.685497 -0.462496
-0.161614 0.694175 -0.469576
-0.0536794 0.762368 -0.447664
-0.0582379 0.707055 -0.477971
-0.0726958 0.340957 -0.664799
-0.138282 0.375681 -0.645424
-0.0711811 0.413275 -0.623292
-0.0716465 0.376815 -0.648416
-0.199873 0.404748 -0.612935
-0.193634 0.339499 -0.652866
-0.194895 0.370921 -0.637938
-0.138821 0.452917 -0.589054
-0.202195 0.446614 -0.579567
-0.0706181 0.454733 -0.593233
-0.0306399 -0.195728 0.970285
-0.057123 -0.235922 0.956621
-0.0240468 -0.271835 0.943264
-0.0277858 -0.234252 0.959139
-0.0802769 -0.277764 0.939515
-0.0956803 -0.199455 0.960676
-0.0895627 -0.238122 0.952018
-0.0425527 -0.311463 0.921053
-0.0688023 -0.319918 0.921674
-0.0202817 -0.307657 0.921165
-0.049547 -0.311956 -0.105817
-0.0238367 -0.283103 -0.139843
-0.023709 -0.319134 -0.103998
-0.0816243 -0.264189 -0.144485
-0.0796433 -0.304819 -0.108871
-0.0878074 -0.176513 -0.193941
-0.0521008 -0.23408 -0.173683
-0.0840611 -0.222685 -0.173847
-0.0267024 -0.190718 -0.197111
-0.0248684 -0.240765 -0.171792
-0.0599751 -0.128388 -0.209467
-0.0321871 -0.0691596 -0.222731
-0.0292367 -0.131565 -0.213064
-0.101087 -0.0620719 -0.200364
-0.0937169 -0.121882 -0.201748
-0.115674 0.055105 -0.187883
-0.0713902 -0.00682142 -0.215572
-0.109216 -0.00036684 -0.192884
-0.0381981 0.0419961 -0.235526
-0.035269 -0.00935459 -0.229192
-0.0803711 0.0844567 -0.225271
-0.0428926 0.103386 -0.257977
-0.0406901 0.0790388 -0.244814
-0.120922 0.124855 -0.209363
-0.118034 0.096215 -0.193935
-0.138478 0.148595 -0.265069
-0.0884331 0.12573 -0.258533
-0.128964 0.142918 -0.232488
-0.0470212 0.120443 -0.299626
-0.0449537 0.11665 -0.27594
-0.097999 0.124878 -0.319976
-0.0518947 0.108853 -0.365753
-0.0492429 0.116377 -0.329956
-0.150911 0.126322 -0.356271
-0.145782 0.140078 -0.308863
-0.16045 0.112915 -0.441079
-0.107541 0.107031 -0.401861
-0.153901 0.116281 -0.399697
-0.0595919 0.101024 -0.449026
-0.0552525 0.102268 -0.405836
-0.125551 0.112279 -0.490196
-0.0709982 0.126709 -0.538642
-0.065189 0.10952 -0.494143
-0.194944 0.134806 -0.523346
-0.176258 0.119186 -0.482359
-0.219301 0.191387 -0.600189
-0.1475 0.153854 -0.575332
-0.210129 0.15949 -0.56385
-0.0790718 0.182988 -0.615599
-0.0759743 0.151547 -0.579976
-0.154044 0.222564 -0.638941
-0.0775425 0.260206 -0.661002
-0.0792455 0.219987 -0.642965
-0.213772 0.26767 -0.647803
-0.21995 0.228648 -0.628685
-0.144378 0.302534 -0.665208
-0.202463 0.304851 -0.656009
-0.0750102 0.301309 -0.668637
-0.0606884 0.60785 0.00104436
-0.126715 0.537337 0.0111468
-0.0643107 0.550463 0.0321785
-0.0403517 0.7183 -0.0719016
-0.0987466 0.656786 -0.062447
-0.0504326 0.666442 -0.034872
-0.171165 0.605799 -0.0764289
-0.126096 0.69557 -0.127071
-0.142824 0.650926 -0.0969906
-0.191637 0.550233 -0.0477524
-0.209701 0.569968 -0.0807895
-0.185308 0.513743 -0.0172354
-0.258514 0.602197 -0.445199
-0.237614 0.630468 -0.469873
-0.253217 0.578269 -0.474783
-0.246529 0.67248 -0.397952
-0.240943 0.662224 -0.43894
-0.254771 0.635976 -0.4207
-0.212896 0.714905 -0.428435
-0.224501 0.676789 -0.452578
-0.214224 0.916672 -0.246046
-0.201014 0.943338 -0.25145
-0.21544 0.938681 -0.279423
-0.226436 0.912723 -0.26973
-0.216965 0.931825 -0.261167
-0.159856 0.939686 -0.239651
-0.17745 0.953646 -0.260405
-0.179801 0.930945 -0.23207
-0.180783 0.946411 -0.244635
-0.165912 0.939303 -0.292739
-0.191876 0.948989 -0.288378
-0.1537 0.943252 -0.269054
-0.173109 0.951035 -0.277835
-0.216862 0.918936 -0.303965
-0.196917 0.927676 -0.311546
-0.207634 0.937732 -0.29671
-0.209996 0.761876 -0.268358
-0.199084 0.77337 -0.281405
-0.191438 0.774734 -0.312022
-0.207814 0.759869 -0.30299
-0.201734 0.767127 -0.28955
-0.203233 0.797472 -0.273932
-0.192387 0.789092 -0.301842
-0.202175 0.775482 -0.251997
-0.199221 0.78193 -0.2764
-0.165819 0.804418 -0.335288
-0.178221 0.788374 -0.325575
-0.18742 0.811743 -0.321532
-0.181068 0.796668 -0.322844
-0.180956 0.7796 -0.34144
-0.161743 0.793141 -0.342758
-0.178357 0.783728 -0.331262
-0.192516 0.777938 -0.227759
-0.168503 0.781447 -0.210541
-0.151415 0.801648 -0.215482
-0.181336 0.804317 -0.228606
-0.174268 0.789156 -0.220565
-0.153638 0.772539 -0.191376
-0.137434 0.789176 -0.20042
-0.186175 0.766882 -0.204739
-0.162292 0.776737 -0.200861
-0.0963023 0.812563 -0.21585
-0.12229 0.805309 -0.211386
-0.103071 0.800257 -0.198013
-0.114773 0.801816 -0.205592
-0.135327 0.828572 -0.217894
-0.108345 0.822919 -0.221075
-0.128262 0.813355 -0.215464
-0.143329 0.804627 -0.337252
-0.119159 0.809804 -0.331351
-0.13845 0.801677 -0.350685
-0.140844 0.802002 -0.341998
-0.153713 0.826966 -0.334024
-0.127696 0.819206 -0.325202
-0.147191 0.8121 -0.335056
-0.0961567 0.829666 -0.288835
-0.10501 0.817882 -0.310157
-0.116614 0.840248 -0.308051
-0.109848 0.825231 -0.308777
-0.0934554 0.817549 -0.318853
-0.086003 0.820458 -0.291304
-0.100185 0.816042 -0.313185
-0.084054 0.824638 -0.268864
-0.0780919 0.822576 -0.248928
-0.0710179 0.824335 -0.270682
-0.0786961 0.822795 -0.269513
-0.0959818 0.847028 -0.267898
-0.0888081 0.831892 -0.249223
-0.0891348 0.832003 -0.268429
-0.0899479 0.821575 -0.232115
-0.102029 0.843892 -0.232989
-0.095203 0.828981 -0.232883
-0.0751675 0.819879 -0.228529
-0.084018 0.819324 -0.230668
-0.231902 0.754223 -0.26947
-0.226075 0.759994 -0.240858
-0.208076 0.764415 -0.241789
-0.216972 0.759952 -0.252956
-0.265103 0.760852 -0.220189
-0.223444 0.760451 -0.217689
-0.264144 0.760816 -0.243923
-0.240714 0.760641 -0.229576
-0.20189 0.765574 -0.22074
-0.215759 0.757673 -0.200462
-0.205912 0.761992 -0.209879
-0.201854 0.770051 -0.234112
-0.234872 0.742799 -0.306286
-0.277858 0.727498 -0.319523
-0.278995 0.751255 -0.279238
-0.256224 0.744786 -0.293184
-0.317986 0.708047 -0.333577
-0.258236 0.693552 -0.356883
-0.284726 0.698216 -0.343913
-0.37536 0.738148 -0.30116
-0.358205 0.712515 -0.324745
-0.402685 0.758643 -0.236201
-0.343965 0.756617 -0.269721
-0.390758 0.753705 -0.27032
-0.311167 0.763685 -0.236173
-0.300161 0.759231 -0.259113
-0.277376 0.753251 -0.197126
-0.248651 0.737773 -0.18066
-0.183529 0.754714 -0.188935
-0.23327 0.750984 -0.191422
-0.352617 0.756796 -0.208565
-0.303456 0.759588 -0.213776
-0.409003 0.736167 -0.174314
-0.409429 0.752424 -0.202781
-0.329845 0.712932 -0.159268
-0.39942 0.710994 -0.155057
-0.178779 0.718135 -0.16643
-0.252112 0.713887 -0.166078
-0.106741 0.782082 -0.178969
-0.0602661 0.797425 -0.177797
-0.0705006 0.811753 -0.205807
-0.0845451 0.798015 -0.188581
-0.128352 0.75368 -0.16956
-0.140544 0.766364 -0.181936
-0.0771688 0.744134 -0.128582
-0.122404 0.729951 -0.151266
-0.0359638 0.781745 -0.13792
-0.0372542 0.755486 -0.106376
-0.0258744 0.814456 -0.19275
-0.0313039 0.800824 -0.16616
-0.0438017 0.818098 -0.377412
-0.0647564 0.824008 -0.337021
-0.0269807 0.832763 -0.306956
-0.0352238 0.828719 -0.341387
-0.0968568 0.789376 -0.411772
-0.0494105 0.797681 -0.413491
-0.176513 0.760515 -0.410655
-0.134148 0.794627 -0.38492
-0.140375 0.776566 -0.412207
-0.105446 0.812324 -0.352131
-0.163948 0.787613 -0.366372
-0.134862 0.801108 -0.364702
-0.0673729 0.8251 -0.299446
-0.0829065 0.820245 -0.328154
-0.0209585 0.83068 -0.246717
-0.0431316 0.822381 -0.222498
-0.0222752 0.824379 -0.219341
-0.0427143 0.830406 -0.274631
-0.0223763 0.833445 -0.275661
-0.0571055 0.825864 -0.248034
-0.0589761 0.827121 -0.27268
-0.0611506 0.820889 -0.225684
-0.220893 0.723503 -0.390265
-0.192333 0.761236 -0.378584
-0.20182 0.742487 -0.402976
-0.229147 0.73046 -0.348619
-0.238328 0.704586 -0.373617
-0.202503 0.759013 -0.342238
-0.217964 0.748268 -0.323878
-0.185497 0.772855 -0.357643
-0.208154 0.830042 -0.298948
-0.20855 0.866089 -0.317157
-0.182638 0.844163 -0.332751
-0.197796 0.836731 -0.320106
-0.207473 0.823979 -0.249259
-0.22169 0.856724 -0.273536
-0.212209 0.824662 -0.273398
-0.225435 0.891324 -0.293612
-0.221713 0.885753 -0.253374
-0.227222 0.886884 -0.273083
-0.202088 0.898609 -0.32219
-0.216036 0.894273 -0.311279
-0.144889 0.85895 -0.323167
-0.140188 0.893495 -0.304854
-0.113654 0.869597 -0.287244
-0.127225 0.865094 -0.306986
-0.17602 0.88052 -0.329499
-0.164181 0.851772 -0.332764
-0.170407 0.915574 -0.314537
-0.186655 0.907214 -0.322451
-0.141278 0.921251 -0.283964
-0.154011 0.919177 -0.300925
-0.106278 0.87162 -0.248059
-0.126235 0.896792 -0.232757
-0.125921 0.862724 -0.222037
-0.112672 0.868658 -0.232446
-0.120264 0.900007 -0.266157
-0.106638 0.871852 -0.266963
-0.136706 0.926532 -0.249134
-0.136018 0.925025 -0.266007
-0.152825 0.914652 -0.226568
-0.141818 0.921807 -0.235425
-0.169297 0.842653 -0.222278
-0.201725 0.863227 -0.234578
-0.191458 0.831381 -0.232334
-0.158724 0.882351 -0.220155
-0.146124 0.853579 -0.218747
-0.191735 0.902282 -0.228209
-0.171199 0.908866 -0.224253
-0.209229 0.892731 -0.238166
-0.228365 -0.446181 0.420977
-0.20511 -0.461837 0.475502
-0.183641 -0.455489 0.534379
-0.21326 -0.450303 0.478539
-0.176881 -0.48852 0.469991
-0.17086 -0.474631 0.521789
-0.206663 -0.472505 0.418626
-0.194975 -0.474631 0.472428
-0.109552 -0.472057 0.595485
-0.142559 -0.466669 0.57469
-0.132033 -0.481167 0.556781
-0.140849 -0.473458 0.563316
-0.102981 -0.465723 0.632974
-0.143787 -0.462243 0.587914
-0.0755892 -0.465387 0.639018
-0.0439995 -0.453929 0.682063
-0.0705061 -0.461083 0.663389
-0.0917758 -0.479034 0.591505
-0.0549351 -0.471091 0.629642
-0.0815781 -0.471375 0.616771
-0.0238268 -0.46053 0.664171
-0.0329053 -0.483094 0.604968
-0.0276324 -0.470883 0.636565
-0.0210984 -0.44987 0.691901
-0.0317646 -0.445352 0.134276
-0.065741 -0.440111 0.119726
-0.0323291 -0.440606 0.100743
-0.034368 -0.461296 0.211229
-0.0636123 -0.450028 0.182161
-0.0320458 -0.45108 0.17059
-0.124102 -0.450719 0.228684
-0.0965198 -0.444834 0.175662
-0.0981278 -0.457279 0.230677
-0.0942201 -0.449501 0.201118
-0.138015 -0.443895 0.192281
-0.101319 -0.442167 0.150389
-0.163536 -0.447685 0.255959
-0.205661 -0.440923 0.30331
-0.174785 -0.442414 0.24495
-0.138385 -0.462583 0.271465
-0.179537 -0.460826 0.31166
-0.153491 -0.454897 0.266081
-0.213095 -0.454425 0.36305
-0.178344 -0.481123 0.364052
-0.199389 -0.4673 0.363772
-0.224677 -0.442616 0.362277
-0.0774159 -0.49456 0.56248
-0.0472884 -0.515301 0.519274
-0.0400356 -0.499329 0.565268
-0.12906 -0.497175 0.517019
-0.109485 -0.488354 0.558077
-0.151776 -0.503865 0.416665
-0.102374 -0.516827 0.468605
-0.144853 -0.503338 0.468859
-0.0552219 -0.529321 0.415644
-0.0529288 -0.526727 0.468796
-0.101727 -0.509066 0.362546
-0.046641 -0.500432 0.308431
-0.0524328 -0.518796 0.361628
-0.12954 -0.482953 0.312862
-0.144743 -0.495777 0.363499
-0.0778956 -0.474931 0.261875
-0.111951 -0.469275 0.268257
-0.0399262 -0.479506 0.257737
-0.164631 -0.0504489 0.951176
-0.139042 -0.0451633 0.963659
-0.137897 -0.0298265 0.961061
-0.16267 -0.0297463 0.947597
-0.150007 -0.038161 0.957034
-0.109851 -0.0516794 0.976283
-0.122462 -0.037914 0.969963
-0.133714 -0.0642499 0.965416
-0.125245 -0.0487781 0.969619
-0.130968 -0.0135459 0.956851
-0.109331 -0.0304408 0.974293
-0.124172 -0.0273895 0.966259
-0.18873 -0.0434748 0.935764
-0.213918 -0.078022 0.922841
-0.172782 -0.0812671 0.947651
-0.185903 -0.064746 0.940486
-0.24743 -0.125194 0.898745
-0.247517 -0.0516572 0.891815
-0.248772 -0.0872467 0.896118
-0.209867 -0.161573 0.925244
-0.2493 -0.167014 0.898651
-0.133001 -0.161124 0.956956
-0.163882 -0.120989 0.949271
-0.170754 -0.160591 0.943861
-0.119758 -0.0911109 0.968067
-0.149065 -0.0885975 0.957545
-0.165953 -0.00373407 0.934179
-0.206641 -0.0168625 0.913183
-0.181563 -0.0218941 0.9332
-0.116698 0.0146029 0.948102
-0.155037 0.0342159 0.918365
-0.143447 0.00727528 0.940085
-0.188508 0.055577 0.881861
-0.128713 0.0776757 0.9026
-0.159167 0.0664178 0.894094
-0.225597 0.0165132 0.878354
-0.216542 0.0481267 0.863247
-0.237857 -0.0169093 0.886885
-0.0314129 0.062618 0.944549
-0.0591053 0.0273947 0.96148
-0.0272441 0.00174637 0.985368
-0.0296124 0.0304081 0.965777
-0.0652762 0.0925539 0.91594
-0.032753 0.0962353 0.919852
-0.0939443 0.0532189 0.93429
-0.0973395 0.0863776 0.910036
-0.0802969 -0.0053962 0.974961
-0.0883591 0.0217178 0.955411
-0.0313918 -0.121887 0.983992
-0.0640997 -0.158632 0.974036
-0.0317497 -0.157085 0.978196
-0.0273784 -0.0760818 0.993721
-0.05977 -0.0942344 0.98419
-0.0298425 -0.0936976 0.988793
-0.0956523 -0.123707 0.972085
-0.0810019 -0.0733797 0.982855
-0.0898671 -0.0931811 0.977114
-0.0976501 -0.160225 0.966985
-0.0864529 -0.0640166 0.98579
-0.0789269 -0.06284 0.994959
-0.0955999 -0.0476973 0.985969
-0.0940951 -0.0565412 0.98502
-0.0525276 -0.0775374 1.01483
-0.0666347 -0.0644079 1.00864
-0.0598989 -0.0753391 1.00401
-0.0652946 -0.0700523 1.00523
-0.0598411 -0.0536198 1.01768
-0.0788425 -0.0488271 1.00064
-0.0525009 -0.0662129 1.0231
-0.0652608 -0.0582549 1.01251
-0.0861068 -0.0306433 0.989153
-0.0938769 -0.0385712 0.986828
-0.0582598 -0.0403976 1.0119
-0.0476184 -0.0223971 1.0006
-0.0694706 -0.025394 0.994502
-0.0426567 -0.0627588 1.03251
-0.0344846 -0.0534302 1.03232
-0.0490439 -0.0525287 1.02501
-0.0209047 -0.039677 1.02317
-0.0152462 -0.0676801 1.04602
-0.0177789 -0.0547726 1.03745
-0.0242006 -0.0212264 1.00515
-0.0209476 -0.0779737 1.00716
-0.0477856 -0.0718253 0.995571
-0.0242757 -0.0726037 0.999895
-0.0152667 -0.0940994 1.02438
-0.0345351 -0.0845283 1.01121
-0.0178069 -0.0869021 1.01538
-0.0583871 -0.073576 0.998233
-0.0427012 -0.0854758 1.01505
-0.0491057 -0.0804193 1.00671
-0.0697639 -0.0690371 0.990088
-0.0394909 -0.0796254 1.02906
-0.0271444 -0.0763309 1.04139
-0.0399318 -0.0720589 1.03309
-0.0271637 -0.0905263 1.02914
-0.0399551 -0.0846544 1.02277
-0.0132272 -0.0889316 1.04223
-0.01374 -0.0942759 1.03402
-0.0137291 -0.0795664 1.04692
