738 734 735
188 735 734
191 737 736
738 736 737
189 740 739
742 739 740
735 188 742
741 742 188
744 746 190
743 190 746
745 746 189
740 189 746
747 191 749
736 749 191
190 748 744
749 744 748
751 753 193
750 193 753
752 188 753
734 753 188
194 755 754
757 754 755
193 756 751
757 751 756
758 195 761
759 761 195
760 761 194
755 194 761
763 741 752
188 752 741
195 762 759
763 759 762
768 764 765
197 765 764
767 768 200
766 200 768
770 772 198
769 198 772
771 772 197
765 197 772
199 774 773
776 773 774
198 775 770
776 770 775
200 766 777
779 777 766
778 779 199
774 199 779
781 784 202
780 202 784
783 784 204
782 204 784
199 785 778
787 778 785
202 786 781
787 781 786
789 790 203
788 203 790
773 790 199
785 199 790
204 782 791
793 791 782
203 792 789
793 789 792
795 798 206
794 206 798
209 797 796
798 796 797
207 800 799
802 799 800
206 801 795
802 795 801
208 804 803
806 803 804
805 806 207
800 207 806
796 809 209
807 209 809
808 809 208
804 208 809
200 810 767
813 767 810
213 812 811
813 811 812
815 816 211
814 211 816
777 816 200
810 200 816
212 818 817
820 817 818
211 819 815
820 815 819
811 823 213
821 213 823
822 823 212
818 212 823
824 827 191
737 191 827
826 827 216
825 216 827
212 828 822
829 822 828
829 824 747
191 747 824
831 832 215
830 215 832
817 832 212
828 212 832
216 825 833
835 833 825
215 834 831
835 831 834
218 837 836
840 836 837
838 220 840
839 840 220
841 843 215
834 215 843
842 843 218
837 218 843
846 844 845
219 845 844
215 830 841
846 841 830
849 847 838
220 838 847
845 219 849
848 849 219
222 851 850
853 850 851
202 780 852
853 852 780
219 854 848
856 848 854
851 222 856
855 856 222
819 211 858
857 858 211
844 858 219
854 219 858
786 202 859
852 859 202
211 814 857
859 857 814
224 861 860
863 860 861
206 794 862
863 862 794
865 867 225
864 225 867
866 867 224
861 224 867
226 869 868
871 868 869
225 870 865
871 865 870
862 873 206
801 206 873
872 873 226
869 226 873
875 878 228
874 228 878
876 230 878
877 878 230
226 879 872
881 872 879
228 880 875
881 875 880
883 884 229
882 229 884
868 884 226
879 226 884
887 885 876
230 876 885
229 886 883
887 883 886
891 888 889
232 889 888
891 890 836
218 836 890
892 894 229
886 229 894
893 894 232
889 232 894
233 896 895
897 895 896
229 882 892
897 892 882
899 842 890
218 890 842
898 899 233
896 233 899
216 900 826
902 826 900
193 750 901
902 901 750
233 903 898
904 898 903
833 904 216
900 216 904
905 906 225
870 225 906
895 906 233
903 233 906
907 756 901
193 901 756
225 864 905
907 905 864
909 912 236
908 236 912
911 912 239
910 239 912
237 914 913
916 913 914
916 909 915
236 915 909
917 238 920
918 920 238
919 920 237
914 237 920
239 910 921
923 921 910
238 922 918
923 918 922
925 928 241
924 241 928
928 926 927
243 927 926
238 929 922
931 922 929
241 930 925
931 925 930
933 934 242
932 242 934
917 934 238
929 238 934
937 935 926
243 926 935
242 936 933
937 933 936
245 939 938
942 938 939
248 941 940
942 940 941
944 946 246
943 246 946
945 946 245
939 245 946
950 947 948
247 948 947
246 949 944
950 944 949
951 248 953
940 953 248
952 953 247
948 247 953
954 957 243
927 243 957
956 957 251
955 251 957
250 959 958
960 958 959
243 935 954
960 954 935
961 963 246
949 246 963
962 963 250
959 250 963
251 955 964
965 964 955
246 943 961
965 961 943
220 966 839
969 839 966
254 968 967
969 967 968
971 972 253
970 253 972
847 972 220
966 220 972
975 930 973
241 973 930
253 974 971
975 971 974
967 977 254
976 254 977
973 241 977
924 977 241
979 981 256
978 256 981
885 981 230
980 230 981
984 945 982
245 982 945
256 983 979
984 979 983
257 986 985
987 985 986
245 938 982
987 982 938
230 980 877
989 877 980
989 986 988
257 988 986
990 259 993
991 993 259
791 993 204
992 204 993
915 236 996
994 996 236
259 995 991
996 991 995
998 999 260
997 260 999
236 908 994
999 994 908
204 992 783
1001 783 992
1001 998 1000
260 1000 998
1002 1004 256
983 256 1004
964 1004 251
1003 251 1004
232 1005 893
1006 893 1005
256 978 1002
1006 1002 978
1007 1008 254
968 254 1008
888 1008 232
1005 232 1008
251 1003 956
1009 956 1003
254 976 1007
1009 1007 976
222 1010 855
1012 855 1010
253 970 1011
1012 1011 970
1013 1014 260
1000 260 1014
850 1014 222
1010 222 1014
239 1015 911
1016 911 1015
260 997 1013
1016 1013 997
1011 1017 253
974 253 1017
921 1017 239
1015 239 1017
1018 264 1021
1019 1021 264
1021 1020 990
259 990 1020
1022 265 1025
1023 1025 265
1024 1025 264
1019 264 1025
1029 1026 1027
266 1027 1026
265 1028 1023
1029 1023 1028
1020 1031 259
995 259 1031
1027 266 1031
1030 1031 266
268 1033 1032
1035 1032 1033
1035 1034 1022
265 1022 1034
1037 1039 269
1036 269 1039
1038 1039 268
1033 268 1039
1043 1040 1041
270 1041 1040
269 1042 1037
1043 1037 1042
1034 1045 265
1028 265 1045
1041 270 1045
1044 1045 270
1047 1049 272
1046 272 1049
1032 1049 268
1048 268 1049
273 1051 1050
1053 1050 1051
272 1052 1047
1053 1047 1052
1055 1057 274
1054 274 1057
1056 1057 273
1051 273 1057
268 1048 1038
1059 1038 1048
274 1058 1055
1059 1055 1058
1060 1063 274
1058 274 1063
1062 1063 278
1061 278 1063
276 1065 1064
1066 1064 1065
274 1054 1060
1066 1060 1054
277 1068 1067
1070 1067 1068
1069 1070 276
1065 276 1070
278 1061 1071
1073 1071 1061
1072 1073 277
1068 277 1073
1075 1078 280
1074 280 1078
1076 283 1078
1077 1078 283
1080 1082 281
1079 281 1082
280 1081 1075
1082 1075 1081
282 1084 1083
1086 1083 1084
281 1085 1080
1086 1080 1085
283 1076 1087
1089 1087 1076
1089 1084 1088
282 1088 1084
1091 1094 285
1090 285 1094
1094 1092 1093
288 1093 1092
1096 1098 286
1095 286 1098
285 1097 1091
1098 1091 1097
287 1100 1099
1102 1099 1100
286 1101 1096
1102 1096 1101
288 1092 1103
1105 1103 1092
1100 287 1105
1104 1105 287
224 1106 866
1109 866 1106
291 1108 1107
1109 1107 1108
1111 1112 290
1110 290 1112
860 1112 224
1106 224 1112
288 1113 1093
1115 1093 1113
290 1114 1111
1115 1111 1114
1107 1117 291
1116 291 1117
288 1103 1113
1117 1113 1103
1119 1122 293
1118 293 1122
1121 1122 295
1120 295 1122
1126 1123 1124
294 1124 1123
293 1125 1119
1126 1119 1125
1127 1129 286
1101 286 1129
294 1128 1124
1129 1124 1128
295 1120 1130
1131 1130 1120
286 1095 1127
1131 1127 1095
1132 1134 291
1108 291 1134
754 1134 194
1133 194 1134
287 1135 1104
1136 1104 1135
291 1116 1132
1136 1132 1116
294 1137 1128
1138 1128 1137
1135 287 1138
1099 1138 287
194 1133 760
1139 760 1133
294 1123 1137
1139 1137 1123
1142 1121 1140
295 1140 1121
1142 1141 807
209 807 1141
1143 1144 285
1097 285 1144
1140 295 1144
1130 1144 295
290 1145 1114
1146 1114 1145
285 1090 1143
1146 1143 1090
1141 1147 209
797 209 1147
1145 290 1147
1110 1147 290
299 1149 1148
1151 1148 1149
213 821 1150
1151 1150 821
1152 1154 280
1081 280 1154
1149 299 1154
1153 1154 299
300 1156 1155
1157 1155 1156
280 1074 1152
1157 1152 1074
1150 1159 213
812 213 1159
1156 300 1159
1158 1159 300
197 1160 771
1163 771 1160
1163 1161 1162
302 1162 1161
1164 1165 300
1158 300 1165
764 1165 197
1160 197 1165
283 1166 1077
1167 1077 1166
300 1155 1164
1167 1164 1155
1161 1169 302
1168 302 1169
1166 283 1169
1087 1169 283
304 1171 1170
1173 1170 1171
190 743 1172
1173 1172 743
1174 1176 281
1085 281 1176
1175 1176 304
1171 304 1176
299 1177 1153
1178 1153 1177
281 1079 1174
1178 1174 1079
1172 1179 190
748 190 1179
1148 1179 299
1177 299 1179
1180 1183 302
1162 302 1183
1182 1183 306
1181 306 1183
282 1184 1088
1185 1088 1184
302 1168 1180
1185 1180 1168
304 1186 1175
1187 1175 1186
282 1083 1184
1187 1184 1083
306 1181 1188
1189 1188 1181
1170 1189 304
1186 304 1189
1191 1193 308
1190 308 1193
1071 1193 278
1192 278 1193
1194 309 1197
1195 1197 309
1191 308 1197
1196 1197 308
1201 1198 1199
310 1199 1198
309 1200 1195
1201 1195 1200
1202 1204 269
1042 269 1204
1199 310 1204
1203 1204 310
278 1192 1062
1205 1062 1192
269 1036 1202
1205 1202 1036
1207 1210 312
1206 312 1210
1209 1210 315
1208 315 1210
313 1212 1211
1214 1211 1212
312 1213 1207
1214 1207 1213
314 1216 1215
1218 1215 1216
1218 1212 1217
313 1217 1212
1208 1221 315
1219 315 1221
1220 1221 314
1216 314 1221
1222 1224 309
1200 309 1224
1211 1224 313
1223 313 1224
317 1226 1225
1227 1225 1226
1227 1222 1194
309 1194 1222
1229 1231 318
1228 318 1231
1230 1231 317
1226 317 1231
313 1223 1217
1233 1217 1223
318 1232 1229
1233 1229 1232
1235 1237 320
1234 320 1237
1236 318 1237
1228 1237 318
321 1239 1238
1241 1238 1239
320 1240 1235
1241 1235 1240
314 1242 1220
1244 1220 1242
1239 321 1244
1243 1244 321
318 1236 1232
1245 1232 1236
1245 1242 1215
314 1215 1242
323 1247 1246
1250 1246 1247
325 1249 1248
1250 1248 1249
1252 1254 324
1251 324 1254
1253 1254 323
1247 323 1254
237 1255 919
1257 919 1255
324 1256 1252
1257 1252 1256
1248 1259 325
1258 325 1259
913 1259 237
1255 237 1259
1264 1260 1261
327 1261 1260
329 1263 1262
1264 1262 1263
1266 1268 328
1265 328 1268
1261 327 1268
1267 1268 327
250 1269 962
1271 962 1269
1271 1266 1270
328 1270 1266
1262 1273 329
1272 329 1273
958 1273 250
1269 250 1273
1277 1274 1275
331 1275 1274
328 1265 1276
1277 1276 1265
1279 1281 332
1278 332 1281
1275 331 1281
1280 1281 331
1284 952 1282
247 1282 952
332 1283 1279
1284 1279 1283
1270 328 1285
1276 1285 328
947 1285 247
1282 247 1285
334 1287 1286
1290 1286 1287
336 1289 1288
1290 1288 1289
1292 1294 335
1291 335 1294
1287 334 1294
1293 1294 334
1297 1182 1295
306 1295 1182
1297 1292 1296
335 1296 1292
1288 1299 336
1298 336 1299
1295 306 1299
1188 1299 306
1301 1304 338
1300 338 1304
1303 1304 340
1302 340 1304
339 1306 1305
1308 1305 1306
1308 1301 1307
338 1307 1301
1309 1311 293
1125 293 1311
1306 339 1311
1310 1311 339
340 1302 1312
1313 1312 1302
293 1118 1309
1313 1309 1118
1317 1314 1315
342 1315 1314
324 1251 1316
1317 1316 1251
1318 1320 329
1263 329 1320
1315 342 1320
1319 1320 342
242 1321 936
1322 936 1321
1322 1318 1272
329 1272 1318
1316 1323 324
1256 324 1323
932 1323 242
1321 242 1323
344 1325 1324
1328 1324 1325
345 1327 1326
1328 1326 1327
1329 1331 325
1249 325 1331
1330 1331 344
1325 344 1331
266 1332 1030
1333 1030 1332
325 1258 1329
1333 1329 1258
1334 345 1335
1326 1335 345
1026 1335 266
1332 266 1335
1340 1336 1337
347 1337 1336
348 1339 1338
1340 1338 1339
1341 1343 345
1327 345 1343
1337 347 1343
1342 1343 347
270 1344 1044
1345 1044 1344
1345 1341 1334
345 1334 1341
348 1338 1346
1347 1346 1338
1040 1347 270
1344 270 1347
1352 1348 1349
350 1349 1348
353 1351 1350
1352 1350 1351
1354 1356 351
1353 351 1356
1349 350 1356
1355 1356 350
352 1358 1357
1360 1357 1358
351 1359 1354
1360 1354 1359
1350 1363 353
1361 353 1363
1362 1363 352
1358 352 1363
1364 355 1368
1365 1368 355
1368 1366 1367
356 1367 1366
1369 1371 353
1351 353 1371
355 1370 1365
1371 1365 1370
1373 1072 1372
277 1372 1072
353 1361 1369
1373 1369 1361
1366 1375 356
1374 356 1375
277 1067 1372
1375 1372 1067
1380 1376 1377
358 1377 1376
359 1379 1378
1380 1378 1379
1383 1303 1381
340 1381 1303
1377 358 1383
1382 1383 358
208 1384 808
1385 808 1384
1381 340 1385
1312 1385 340
1378 1387 359
1386 359 1387
803 1387 208
1384 208 1387
1389 1391 361
1388 361 1391
1390 335 1391
1291 1391 335
362 1393 1392
1395 1392 1393
1395 1389 1394
361 1394 1389
1396 1398 198
775 198 1398
1397 1398 362
1393 362 1398
1399 1296 1390
335 1390 1296
198 769 1396
1399 1396 769
1401 1403 364
1400 364 1403
1402 362 1403
1392 1403 362
365 1405 1404
1407 1404 1405
1407 1401 1406
364 1406 1401
1408 1410 203
792 203 1410
1409 1410 365
1405 365 1410
362 1402 1397
1411 1397 1402
203 788 1408
1411 1408 788
1413 1415 367
1412 367 1415
1404 1415 365
1414 365 1415
1417 1419 368
1416 368 1419
1418 1419 367
1413 367 1419
264 1420 1024
1422 1024 1420
1422 1417 1421
368 1421 1417
365 1414 1409
1423 1409 1414
1423 1420 1018
264 1018 1420
370 1425 1424
1427 1424 1425
368 1416 1426
1427 1426 1416
371 1429 1428
1431 1428 1429
1430 1431 370
1425 370 1431
1432 1434 272
1052 272 1434
1433 1434 371
1429 371 1434
1426 1435 368
1421 368 1435
272 1046 1432
1435 1432 1046
1437 1439 373
1436 373 1439
1428 1439 371
1438 371 1439
374 1441 1440
1443 1440 1441
1443 1437 1442
373 1442 1437
1444 1446 273
1056 273 1446
1445 1446 374
1441 374 1446
371 1438 1433
1447 1433 1438
273 1050 1444
1447 1444 1050
1451 1448 1449
376 1449 1448
1450 374 1451
1440 1451 374
1452 1454 356
1367 356 1454
1449 376 1454
1453 1454 376
276 1455 1069
1456 1069 1455
356 1374 1452
1456 1452 1374
1445 374 1457
1450 1457 374
1064 1457 276
1455 276 1457
1461 1339 1458
348 1458 1339
1460 1461 379
1459 379 1461
1463 1203 1462
310 1462 1203
1458 348 1463
1346 1463 348
1464 1465 312
1213 312 1465
1198 1465 310
1462 310 1465
378 1467 1466
1468 1466 1467
312 1206 1464
1468 1464 1206
379 1459 1469
1471 1469 1459
1471 1467 1470
378 1470 1467
1362 352 1474
1472 1474 352
1190 1474 308
1473 308 1474
1476 1477 381
1475 381 1477
1357 1477 352
1472 352 1477
308 1473 1196
1479 1196 1473
381 1478 1476
1479 1476 1478
383 1481 1480
1484 1480 1481
386 1483 1482
1484 1482 1483
1486 1488 384
1485 384 1488
1487 1488 383
1481 383 1488
385 1490 1489
1492 1489 1490
384 1491 1486
1492 1486 1491
1482 1495 386
1493 386 1495
1490 385 1495
1494 1495 385
1500 1496 1497
388 1497 1496
391 1499 1498
1500 1498 1499
1502 1504 389
1501 389 1504
1497 388 1504
1503 1504 388
1506 1508 390
1505 390 1508
1508 1502 1507
389 1507 1502
1498 1511 391
1509 391 1511
390 1510 1506
1511 1506 1510
1512 393 1516
1513 1516 393
1515 1516 396
1514 396 1516
1520 1517 1518
394 1518 1517
1513 393 1520
1519 1520 393
1522 1524 395
1521 395 1524
1518 394 1524
1523 1524 394
396 1514 1525
1527 1525 1514
1527 1522 1526
395 1526 1522
398 1529 1528
1531 1528 1529
1501 1531 389
1530 389 1531
1533 1535 399
1532 399 1535
398 1534 1529
1535 1529 1534
1539 1536 1537
400 1537 1536
399 1538 1533
1539 1533 1538
1530 1541 389
1507 389 1541
1537 400 1541
1540 1541 400
402 1543 1542
1545 1542 1543
1545 1544 1532
399 1532 1544
394 1546 1523
1548 1523 1546
1548 1543 1547
402 1547 1543
1550 1551 403
1549 403 1551
1517 1551 394
1546 394 1551
1544 1553 399
1538 399 1553
1553 1550 1552
403 1552 1550
1554 1557 391
1499 391 1557
406 1556 1555
1557 1555 1556
396 1558 1515
1559 1515 1558
391 1509 1554
1559 1554 1509
405 1561 1560
1562 1560 1561
1525 1562 396
1558 396 1562
1555 1565 406
1563 406 1565
1564 1565 405
1561 405 1565
1566 1569 406
1556 406 1569
1567 409 1569
1568 1569 409
408 1571 1570
1572 1570 1571
406 1563 1566
1572 1566 1563
1573 1575 320
1240 320 1575
1574 1575 408
1571 408 1575
317 1576 1230
1577 1230 1576
320 1234 1573
1577 1573 1234
1567 1579 409
1578 409 1579
1225 1579 317
1576 317 1579
1580 411 1583
1581 1583 411
1560 1583 405
1582 405 1583
1586 1209 1584
315 1584 1209
1586 1581 1585
411 1585 1581
321 1587 1243
1588 1243 1587
1588 1584 1219
315 1219 1584
1590 1574 1589
408 1589 1574
321 1238 1587
1590 1587 1238
405 1582 1564
1591 1564 1582
408 1570 1589
1591 1589 1570
413 1593 1592
1595 1592 1593
395 1521 1594
1595 1594 1521
414 1597 1596
1599 1596 1597
1599 1593 1598
413 1598 1593
1600 1602 378
1470 378 1602
1601 1602 414
1597 414 1602
1604 1585 1603
411 1603 1585
378 1466 1600
1604 1600 1466
1526 395 1605
1594 1605 395
1603 411 1605
1580 1605 411
1607 1610 416
1606 416 1610
1608 418 1610
1609 1610 418
1611 1613 398
1534 398 1613
1613 1607 1612
416 1612 1607
417 1615 1614
1616 1614 1615
1611 398 1616
1528 1616 398
1617 1619 351
1359 351 1619
1618 1619 417
1615 417 1619
418 1608 1620
1621 1620 1608
351 1353 1617
1621 1617 1353
413 1622 1598
1625 1598 1622
1624 1625 420
1623 420 1625
1547 402 1627
1626 1627 402
1592 1627 413
1622 413 1627
1628 1629 416
1612 416 1629
1626 402 1629
1542 1629 402
1631 1630 1623
420 1623 1630
416 1606 1628
1631 1628 1606
417 1632 1618
1634 1618 1632
381 1475 1633
1634 1633 1475
388 1635 1503
1636 1503 1635
1614 1636 417
1632 417 1636
1637 1638 409
1568 409 1638
1496 1638 388
1635 388 1638
1633 1639 381
1478 381 1639
1578 1639 409
1637 409 1639
1643 1640 1641
423 1641 1640
390 1505 1642
1643 1642 1505
383 1644 1487
1646 1487 1644
423 1645 1641
1646 1641 1645
424 1648 1647
1649 1647 1648
383 1480 1644
1649 1644 1480
1642 1651 390
1510 390 1651
1650 1651 424
1648 424 1651
1652 426 1655
1653 1655 426
1536 1655 400
1654 400 1655
384 1656 1491
1658 1491 1656
426 1657 1653
1658 1653 1657
423 1659 1645
1660 1645 1659
384 1485 1656
1660 1656 1485
400 1654 1540
1661 1540 1654
1640 1661 423
1659 423 1661
1665 1662 1663
428 1663 1662
403 1549 1664
1665 1664 1549
385 1666 1494
1668 1494 1666
428 1667 1663
1668 1663 1667
1669 1670 426
1657 426 1670
1666 385 1670
1489 1670 385
1552 403 1671
1664 1671 403
1671 1669 1652
426 1652 1669
1650 424 1674
1672 1674 424
1512 1674 393
1673 393 1674
386 1675 1483
1676 1483 1675
424 1647 1672
1676 1672 1647
428 1677 1667
1678 1667 1677
386 1493 1675
1678 1675 1493
393 1673 1519
1679 1519 1673
1679 1677 1662
428 1662 1677
1680 1683 195
762 195 1683
1682 1683 433
1681 433 1683
1685 1686 431
1684 431 1686
1686 1680 758
195 758 1680
1688 1690 432
1687 432 1690
1690 1685 1689
431 1689 1685
433 1681 1691
1693 1691 1681
1693 1688 1692
432 1692 1688
339 1694 1310
1696 1310 1694
431 1684 1695
1696 1695 1684
1698 1699 435
1697 435 1699
1305 1699 339
1694 339 1699
436 1701 1700
1703 1700 1701
435 1702 1698
1703 1698 1702
1689 431 1705
1695 1705 431
1704 1705 436
1701 436 1705
1706 1709 336
1289 336 1709
1708 1709 440
1707 440 1709
438 1711 1710
1712 1710 1711
336 1298 1706
1712 1706 1298
1714 1716 439
1713 439 1716
1715 1716 438
1711 438 1716
440 1707 1717
1719 1717 1707
439 1718 1714
1719 1714 1718
1722 745 1720
189 1720 745
1721 438 1722
1710 1722 438
1724 1682 1723
433 1723 1682
1720 189 1724
739 1724 189
1727 1725 1726
442 1726 1725
433 1691 1723
1727 1723 1691
1729 1715 1721
438 1721 1715
1726 442 1729
1728 1729 442
444 1731 1730
1733 1730 1731
1700 1733 436
1732 436 1733
445 1735 1734
1737 1734 1735
1736 1737 444
1731 444 1737
1738 1740 432
1692 432 1740
1739 1740 445
1735 445 1740
436 1732 1704
1741 1704 1732
432 1687 1738
1741 1738 1687
1745 1742 1743
447 1743 1742
445 1734 1744
1745 1744 1734
1746 1748 439
1718 439 1748
1743 447 1748
1747 1748 447
442 1749 1728
1750 1728 1749
439 1713 1746
1750 1746 1713
1744 1751 445
1739 445 1751
1725 1751 442
1749 442 1751
1753 1756 449
1752 449 1756
1755 1756 451
1754 451 1756
450 1758 1757
1760 1757 1758
449 1759 1753
1760 1753 1759
451 1754 1761
1763 1761 1754
1762 1763 450
1758 450 1763
451 1764 1755
1767 1755 1764
1765 454 1767
1766 1767 454
1769 1770 453
1768 453 1770
1761 1770 451
1764 451 1770
207 1771 805
1773 805 1771
453 1772 1769
1773 1769 1772
1774 1775 228
880 228 1775
799 1775 207
1771 207 1775
1777 1776 1765
454 1765 1776
228 874 1774
1777 1774 874
454 1778 1766
1780 1766 1778
449 1752 1779
1780 1779 1752
1781 1782 257
988 257 1782
1776 1782 454
1778 454 1782
1783 1784 248
941 248 1784
257 985 1781
1784 1781 985
1785 456 1787
1786 1787 456
1783 248 1787
951 1787 248
1779 1789 449
1759 449 1789
1788 1789 456
1786 456 1789
1791 1794 458
1790 458 1794
1792 459 1794
1793 1794 459
456 1795 1788
1797 1788 1795
458 1796 1791
1797 1791 1796
1283 332 1799
1798 1799 332
1785 1799 456
1795 456 1799
1801 1800 1792
459 1792 1800
332 1278 1798
1801 1798 1278
359 1802 1379
1805 1379 1802
462 1804 1803
1805 1803 1804
1806 1807 453
1772 453 1807
1386 1807 359
1802 359 1807
461 1809 1808
1810 1808 1809
453 1768 1806
1810 1806 1768
1803 1813 462
1811 462 1813
1812 1813 461
1809 461 1813
450 1814 1762
1817 1762 1814
466 1816 1815
1817 1815 1816
1820 1818 1819
464 1819 1818
1757 1820 450
1814 450 1820
1822 1824 465
1821 465 1824
1819 464 1824
1823 1824 464
1825 466 1827
1815 1827 466
1822 465 1827
1826 1827 465
1828 1830 458
1796 458 1830
1818 1830 464
1829 464 1830
468 1832 1831
1833 1831 1832
458 1790 1828
1833 1828 1790
1835 1837 469
1834 469 1837
1836 1837 468
1832 468 1837
464 1829 1823
1839 1823 1829
469 1838 1835
1839 1835 1838
1843 1812 1840
461 1840 1812
472 1842 1841
1843 1841 1842
1844 1845 466
1816 466 1845
1840 461 1845
1808 1845 461
471 1847 1846
1848 1846 1847
1848 1844 1825
466 1825 1844
1841 1851 472
1849 472 1851
1850 1851 471
1847 471 1851
1852 1854 469
1838 469 1854
1853 465 1854
1821 1854 465
1857 1855 1856
474 1856 1855
469 1834 1852
1857 1852 1834
471 1858 1850
1860 1850 1858
474 1859 1856
1860 1856 1859
1853 1861 465
1826 465 1861
1858 471 1861
1846 1861 471
476 1863 1862
1866 1862 1863
1866 1864 1865
479 1865 1864
477 1868 1867
1870 1867 1868
1869 1870 476
1863 476 1870
1871 478 1874
1872 1874 478
1873 1874 477
1868 477 1874
1864 1877 479
1875 479 1877
478 1876 1872
1877 1872 1876
1878 1881 479
1865 479 1881
1879 483 1881
1880 1881 483
481 1883 1882
1884 1882 1883
1884 1878 1875
479 1875 1878
1886 1888 482
1885 482 1888
1887 1888 481
1883 481 1888
483 1879 1889
1891 1889 1879
482 1890 1886
1891 1886 1890
1893 1896 485
1892 485 1896
1896 1894 1895
488 1895 1894
1898 1900 486
1897 486 1900
485 1899 1893
1900 1893 1899
487 1902 1901
1904 1901 1902
486 1903 1898
1904 1898 1903
1894 1907 488
1905 488 1907
1906 1907 487
1902 487 1907
1909 1912 490
1908 490 1912
1911 1912 492
1910 492 1912
491 1914 1913
1916 1913 1914
490 1915 1909
1916 1909 1915
1917 1919 486
1903 486 1919
1918 1919 491
1914 491 1919
492 1910 1920
1921 1920 1910
486 1897 1917
1921 1917 1897
494 1923 1922
1926 1922 1923
1925 1926 497
1924 497 1926
1928 1930 495
1927 495 1930
1929 1930 494
1923 494 1930
1932 1934 496
1931 496 1934
495 1933 1928
1934 1928 1933
497 1924 1935
1937 1935 1924
496 1936 1932
1937 1932 1936
499 1939 1938
1941 1938 1939
485 1892 1940
1941 1940 1892
1943 1945 500
1942 500 1945
1944 1945 499
1939 499 1945
501 1947 1946
1949 1946 1947
500 1948 1943
1949 1943 1948
1940 1951 485
1899 485 1951
1950 1951 501
1947 501 1951
1953 1955 503
1952 503 1955
1954 476 1955
1862 1955 476
504 1957 1956
1959 1956 1957
503 1958 1953
1959 1953 1958
1960 1962 500
1948 500 1962
1961 1962 504
1957 504 1962
1963 1869 1954
476 1954 1869
500 1942 1960
1963 1960 1942
1965 1968 506
1964 506 1968
508 1967 1966
1968 1966 1967
1970 1972 507
1969 507 1972
1972 1965 1971
506 1971 1965
504 1973 1961
1975 1961 1973
1975 1970 1974
507 1974 1970
1976 508 1977
1966 1977 508
1956 1977 504
1973 504 1977
492 1978 1911
1981 1911 1978
510 1980 1979
1981 1979 1980
501 1982 1950
1983 1950 1982
1920 1983 492
1978 492 1983
1974 507 1985
1984 1985 507
1946 1985 501
1982 501 1985
1979 1987 510
1986 510 1987
507 1969 1984
1987 1984 1969
497 1988 1925
1991 1925 1988
514 1990 1989
1991 1989 1990
1993 1994 512
1992 512 1994
1935 1994 497
1988 497 1994
513 1996 1995
1998 1995 1996
512 1997 1993
1998 1993 1997
1989 2001 514
1999 514 2001
2000 2001 513
1996 513 2001
2003 2006 516
2002 516 2006
2005 2006 518
2004 518 2006
517 2008 2007
2010 2007 2008
2010 2003 2009
516 2009 2003
2011 2013 512
1997 512 2013
2012 2013 517
2008 517 2013
518 2004 2014
2015 2014 2004
512 1992 2011
2015 2011 1992
2019 1967 2016
508 2016 1967
2019 2017 2018
521 2018 2017
2020 520 2022
2021 2022 520
2022 2016 1976
508 1976 2016
517 2023 2012
2025 2012 2023
520 2024 2021
2025 2021 2024
2017 2027 521
2026 521 2027
2007 2027 517
2023 517 2027
483 2028 1880
2030 1880 2028
503 1952 2029
2030 2029 1952
513 2031 2000
2032 2000 2031
1889 2032 483
2028 483 2032
2033 2034 520
2024 520 2034
1995 2034 513
2031 513 2034
1958 503 2035
2029 2035 503
520 2020 2033
2035 2033 2020
2037 2040 524
2036 524 2040
2039 2040 527
2038 527 2040
525 2042 2041
2044 2041 2042
524 2043 2037
2044 2037 2043
2046 2048 526
2045 526 2048
2047 2048 525
2042 525 2048
2051 2049 2038
527 2038 2049
526 2050 2046
2051 2046 2050
2056 2052 2053
529 2053 2052
2055 2056 531
2054 531 2056
530 2058 2057
2060 2057 2058
2060 2053 2059
529 2059 2053
2061 2063 525
2047 525 2063
2062 2063 530
2058 530 2063
531 2054 2064
2065 2064 2054
525 2041 2061
2065 2061 2041
533 2067 2066
2070 2066 2067
536 2069 2068
2070 2068 2069
2071 534 2074
2072 2074 534
2073 2074 533
2067 533 2074
535 2076 2075
2078 2075 2076
2078 2072 2077
534 2077 2072
2079 536 2081
2068 2081 536
2080 2081 535
2076 535 2081
2083 2085 538
2082 538 2085
2052 2085 529
2084 529 2085
535 2086 2080
2088 2080 2086
538 2087 2083
2088 2083 2087
2090 2091 539
2089 539 2091
2075 2091 535
2086 535 2091
529 2084 2059
2093 2059 2084
539 2092 2090
2093 2090 2092
541 2095 2094
2097 2094 2095
506 1964 2096
2097 2096 1964
2098 2100 531
2055 531 2100
2099 2100 541
2095 541 2100
542 2102 2101
2103 2101 2102
2103 2098 2064
531 2064 2098
2096 2105 506
1971 506 2105
2104 2105 542
2102 542 2105
2009 516 2109
2106 2109 516
2108 2109 545
2107 545 2109
2112 2110 2111
544 2111 2110
516 2002 2106
2112 2106 2002
536 2113 2069
2115 2069 2113
544 2114 2111
2115 2111 2114
545 2107 2116
2117 2116 2107
2079 2117 536
2113 536 2117
2118 2121 490
1915 490 2121
2120 2121 548
2119 548 2121
2124 2122 2123
547 2123 2122
490 1908 2118
2124 2118 1908
527 2125 2039
2127 2039 2125
2123 547 2127
2126 2127 547
548 2119 2128
2129 2128 2119
2049 2129 527
2125 527 2129
2130 2132 538
2087 538 2132
2116 2132 545
2131 545 2132
541 2133 2099
2134 2099 2133
538 2082 2130
2134 2130 2082
2135 2136 521
2018 521 2136
2094 2136 541
2133 541 2136
545 2131 2108
2137 2108 2131
521 2026 2135
2137 2135 2026
542 2138 2104
2140 2104 2138
510 1986 2139
2140 2139 1986
2141 2142 524
2043 524 2142
2101 2142 542
2138 542 2142
547 2143 2126
2144 2126 2143
524 2036 2141
2144 2141 2036
2139 2145 510
1980 510 2145
2122 2145 547
2143 547 2145
2149 2120 2146
548 2146 2120
2148 2149 554
2147 554 2149
2151 2152 552
2150 552 2152
2146 548 2152
2128 2152 548
553 2154 2153
2156 2153 2154
2156 2151 2155
552 2155 2151
2157 554 2159
2147 2159 554
2158 2159 553
2154 553 2159
2163 2158 2160
553 2160 2158
558 2162 2161
2163 2161 2162
2165 2166 556
2164 556 2166
2160 553 2166
2153 2166 553
557 2168 2167
2170 2167 2168
2170 2165 2169
556 2169 2165
2161 2173 558
2171 558 2173
2172 2173 557
2168 557 2173
2174 2177 558
2162 558 2177
2176 2177 562
2175 562 2177
560 2179 2178
2180 2178 2179
558 2171 2174
2180 2174 2171
2182 2184 561
2181 561 2184
2183 2184 560
2179 560 2184
562 2175 2185
2187 2185 2175
561 2186 2182
2187 2182 2186
2189 2191 564
2188 564 2191
2178 2191 560
2190 560 2191
2193 2195 565
2192 565 2195
564 2194 2189
2195 2189 2194
2197 2199 566
2196 566 2199
565 2198 2193
2199 2193 2198
560 2190 2183
2201 2183 2190
566 2200 2197
2201 2197 2200
2203 2206 568
2202 568 2206
2204 571 2206
2205 2206 571
2208 2210 569
2207 569 2210
568 2209 2203
2210 2203 2209
570 2212 2211
2214 2211 2212
569 2213 2208
2214 2208 2213
571 2204 2215
2217 2215 2204
2212 570 2217
2216 2217 570
2219 2222 573
2218 573 2222
2220 576 2222
2221 2222 576
2224 2226 574
2223 574 2226
573 2225 2219
2226 2219 2225
575 2228 2227
2230 2227 2228
574 2229 2224
2230 2224 2229
576 2220 2231
2233 2231 2220
2228 575 2233
2232 2233 575
578 2235 2234
2237 2234 2235
514 1999 2236
2237 2236 1999
573 2238 2225
2240 2225 2238
2235 578 2240
2239 2240 578
579 2242 2241
2243 2241 2242
573 2218 2238
2243 2238 2218
2236 2245 514
1990 514 2245
2242 579 2245
2244 2245 579
2247 2250 581
2246 581 2250
2249 2250 583
2248 583 2250
575 2251 2232
2253 2232 2251
581 2252 2247
2253 2247 2252
582 2255 2254
2256 2254 2255
2251 575 2256
2227 2256 575
583 2248 2257
2259 2257 2248
2259 2255 2258
582 2258 2255
2260 2262 482
1890 482 2262
2234 2262 578
2261 578 2262
582 2263 2258
2264 2258 2263
482 1885 2260
2264 2260 1885
2265 2266 574
2229 574 2266
582 2254 2263
2266 2263 2254
578 2261 2239
2267 2239 2261
574 2223 2265
2267 2265 2223
2270 1929 2268
494 2268 1929
2270 2269 2246
581 2246 2269
2271 2272 579
2244 579 2272
2268 494 2272
1922 2272 494
576 2273 2221
2274 2221 2273
579 2241 2271
2274 2271 2241
2269 2275 581
2252 581 2275
2275 2273 2231
576 2231 2273
499 2276 1944
2279 1944 2276
588 2278 2277
2279 2277 2278
2281 2282 587
2280 587 2282
1938 2282 499
2276 499 2282
571 2283 2205
2285 2205 2283
587 2284 2281
2285 2281 2284
2277 2287 588
2286 588 2287
2283 571 2287
2215 2287 571
2291 2288 2289
590 2289 2288
488 1905 2290
2291 2290 1905
2292 2294 568
2209 568 2294
2289 590 2294
2293 2294 590
587 2295 2284
2296 2284 2295
568 2202 2292
2296 2292 2202
1895 488 2297
2290 2297 488
2295 587 2297
2280 2297 587
477 2298 1873
2301 1873 2298
592 2300 2299
2301 2299 2300
2302 2303 588
2278 588 2303
1867 2303 477
2298 477 2303
570 2304 2216
2305 2216 2304
588 2286 2302
2305 2302 2286
2299 2307 592
2306 592 2307
2211 2307 570
2304 570 2307
2309 2311 594
2308 594 2311
2288 2311 590
2310 590 2311
2312 2314 592
2300 592 2314
594 2313 2309
2314 2309 2313
569 2315 2213
2316 2213 2315
592 2306 2312
2316 2312 2306
590 2310 2293
2317 2293 2310
569 2207 2315
2317 2315 2207
2318 2321 564
2194 564 2321
2320 2321 598
2319 598 2321
557 2322 2172
2323 2172 2322
564 2188 2318
2323 2318 2188
2325 2326 596
2324 596 2326
2322 557 2326
2167 2326 557
597 2328 2327
2330 2327 2328
2330 2325 2329
596 2329 2325
2319 2333 598
2331 598 2333
2332 2333 597
2328 597 2333
2334 600 2338
2335 2338 600
2337 2338 603
2336 603 2338
2340 2342 601
2339 601 2342
2335 600 2342
2341 2342 600
2344 2346 602
2343 602 2346
601 2345 2340
2346 2340 2345
603 2336 2347
2349 2347 2336
602 2348 2344
2349 2344 2348
2350 2352 602
2348 602 2352
2351 597 2352
2327 2352 597
605 2354 2353
2355 2353 2354
602 2343 2350
2355 2350 2343
2357 2359 606
2356 606 2359
2358 2359 605
2354 605 2359
2361 2332 2351
597 2351 2332
606 2360 2357
2361 2357 2360
2362 2365 605
2358 605 2365
2364 2365 609
2363 609 2365
2366 2367 601
2345 601 2367
605 2353 2362
2367 2362 2353
2369 2370 608
2368 608 2370
601 2339 2366
2370 2366 2339
609 2363 2371
2373 2371 2363
608 2372 2369
2373 2369 2372
611 2375 2374
2377 2374 2375
323 1246 2376
2377 2376 1246
2378 2380 526
2050 526 2380
2379 2380 611
2375 611 2380
612 2382 2381
2383 2381 2382
526 2045 2378
2383 2378 2045
2376 2385 323
1253 323 2385
2384 2385 612
2382 612 2385
614 2387 2386
2389 2386 2387
2389 2388 1260
327 1260 2388
2390 2392 539
2092 539 2392
2391 2392 614
2387 614 2392
2395 2393 2394
615 2394 2393
539 2089 2390
2395 2390 2089
2388 2397 327
1267 327 2397
2394 615 2397
2396 2397 615
615 2398 2396
2400 2396 2398
2400 2399 1274
331 1274 2399
2077 534 2402
2401 2402 534
2393 2402 615
2398 615 2402
617 2404 2403
2405 2403 2404
2405 2401 2071
534 2071 2401
2399 2407 331
1280 331 2407
2404 617 2407
2406 2407 617
619 2409 2408
2411 2408 2409
334 1286 2410
2411 2410 1286
2412 2414 594
2313 594 2414
2413 2414 619
2409 619 2414
2417 2415 2416
620 2416 2415
2417 2412 2308
594 2308 2412
2410 2419 334
1293 334 2419
2416 620 2419
2418 2419 620
2420 622 2423
2421 2423 622
2422 338 2423
1300 2423 338
583 2424 2249
2426 2249 2424
622 2425 2421
2426 2421 2425
2428 2429 623
2427 623 2429
2424 583 2429
2257 2429 583
2431 1307 2422
338 2422 1307
623 2430 2428
2431 2428 2430
612 2432 2384
2434 2384 2432
2434 2433 1314
342 1314 2433
2062 530 2436
2435 2436 530
2381 2436 612
2432 612 2436
2438 2391 2437
614 2437 2391
530 2057 2435
2438 2435 2057
2433 2439 342
1319 342 2439
2437 614 2439
2386 2439 614
626 2441 2440
2443 2440 2441
344 1324 2442
2443 2442 1324
2155 552 2446
2444 2446 552
2445 2446 626
2441 626 2446
611 2447 2379
2448 2379 2447
552 2150 2444
2448 2444 2150
1330 344 2449
2442 2449 344
2374 2449 611
2447 611 2449
628 2451 2450
2453 2450 2451
2453 2452 1336
347 1336 2452
2169 556 2456
2454 2456 556
628 2455 2451
2456 2451 2455
2458 2445 2457
626 2457 2445
556 2164 2454
2458 2454 2164
2452 2459 347
1342 347 2459
2457 626 2459
2440 2459 626
630 2461 2460
2463 2460 2461
2463 2462 1348
350 1348 2462
2464 631 2467
2465 2467 631
2466 2467 630
2461 630 2467
632 2469 2468
2471 2468 2469
631 2470 2465
2471 2465 2470
2462 2473 350
1355 350 2473
2472 2473 632
2469 632 2473
2477 2474 2475
634 2475 2474
1364 2477 355
2476 355 2477
565 2478 2198
2480 2198 2478
2475 634 2480
2479 2480 634
630 2481 2466
2482 2466 2481
2192 2482 565
2478 565 2482
355 2476 1370
2483 1370 2476
2481 630 2483
2460 2483 630
636 2485 2484
2487 2484 2485
2487 2486 1376
358 1376 2486
2488 2490 495
1933 495 2490
2489 2490 636
2485 636 2490
2491 2492 622
2425 622 2492
495 1927 2488
2492 2488 1927
2486 2493 358
1382 358 2493
2493 2491 2420
622 2420 2491
2494 2496 620
2418 620 2496
2495 361 2496
1388 2496 361
487 2497 1906
2498 1906 2497
2498 2494 2415
620 2415 2494
2500 2501 638
2499 638 2501
1901 2501 487
2497 487 2501
2503 1394 2495
361 2495 1394
638 2502 2500
2503 2500 2502
2504 2506 638
2502 638 2506
2505 364 2506
1400 2506 364
491 2507 1918
2508 1918 2507
638 2499 2504
2508 2504 2499
2510 2511 640
2509 640 2511
1913 2511 491
2507 491 2511
2513 1406 2505
364 2505 1406
640 2512 2510
2513 2510 2512
2514 2516 640
2512 640 2516
2515 367 2516
1412 2516 367
2518 2148 2517
554 2517 2148
640 2509 2514
2518 2514 2509
2521 2519 2520
642 2520 2519
554 2157 2517
2521 2517 2157
1418 367 2523
2515 2523 367
2520 642 2523
2522 2523 642
642 2524 2522
2526 2522 2524
370 1424 2525
2526 2525 1424
562 2527 2176
2528 2176 2527
2519 2528 642
2524 642 2528
2530 2531 644
2529 644 2531
2185 2531 562
2527 562 2531
1430 370 2533
2525 2533 370
644 2532 2530
2533 2530 2532
2534 2536 644
2532 644 2536
2535 373 2536
1436 2536 373
561 2537 2186
2538 2186 2537
644 2529 2534
2538 2534 2529
2540 2541 646
2539 646 2541
2181 2541 561
2537 561 2541
2543 1442 2535
373 2535 1442
646 2542 2540
2543 2540 2542
2544 2546 646
2542 646 2546
2546 2545 1448
376 1448 2545
2547 2548 566
2200 566 2548
2539 2548 646
2544 646 2548
634 2549 2479
2550 2479 2549
566 2196 2547
2550 2547 2196
2545 2551 376
1453 376 2551
2549 634 2551
2474 2551 634
2554 1460 2552
379 2552 1460
2554 2553 2450
628 2450 2553
2556 2557 649
2555 649 2557
379 1469 2552
2557 2552 1469
603 2558 2337
2560 2337 2558
649 2559 2556
2560 2556 2559
2561 2562 596
2329 596 2562
2347 2562 603
2558 603 2562
2553 2563 628
2455 628 2563
2563 2561 2324
596 2324 2561
2320 598 2566
2564 2566 598
2464 2566 631
2565 631 2566
651 2568 2567
2569 2567 2568
598 2331 2564
2569 2564 2331
2470 631 2571
2565 2571 631
2570 2571 651
2568 651 2571
653 2573 2572
2576 2572 2573
656 2575 2574
2576 2574 2575
2578 2580 654
2577 654 2580
2579 2580 653
2573 653 2580
655 2582 2581
2584 2581 2582
654 2583 2578
2584 2578 2583
2574 2587 656
2585 656 2587
2586 2587 655
2582 655 2587
658 2589 2588
2592 2588 2589
2592 2590 2591
661 2591 2590
659 2594 2593
2596 2593 2594
2589 658 2596
2595 2596 658
2600 2597 2598
660 2598 2597
2594 659 2600
2599 2600 659
2590 2603 661
2601 661 2603
2598 660 2603
2602 2603 660
2605 2608 663
2604 663 2608
2607 2608 666
2606 666 2608
2612 2609 2610
664 2610 2609
663 2611 2605
2612 2605 2611
2614 2616 665
2613 665 2616
2610 664 2616
2615 2616 664
2606 2619 666
2617 666 2619
2619 2614 2618
665 2618 2614
2602 660 2623
2620 2623 660
670 2622 2621
2623 2621 2622
2625 2626 668
2624 668 2626
2620 660 2626
2597 2626 660
669 2628 2627
2630 2627 2628
2630 2625 2629
668 2629 2625
670 2621 2631
2633 2631 2621
2628 669 2633
2632 2633 669
2637 2632 2634
669 2634 2632
673 2636 2635
2637 2635 2636
2640 2638 2639
672 2639 2638
2634 669 2640
2627 2640 669
2618 665 2643
2641 2643 665
2643 2639 2642
672 2642 2639
2645 2644 2635
673 2635 2644
665 2613 2641
2645 2641 2613
675 2647 2646
2649 2646 2647
2588 2649 658
2648 658 2649
2651 2653 676
2650 676 2653
2652 2653 675
2647 675 2653
2611 663 2656
2654 2656 663
676 2655 2651
2656 2651 2655
658 2648 2595
2657 2595 2648
663 2604 2654
2657 2654 2604
2659 2661 678
2658 678 2661
2660 675 2661
2646 2661 675
2662 2664 606
2360 606 2664
2663 2664 678
2659 678 2664
609 2665 2364
2666 2364 2665
606 2356 2662
2666 2662 2356
2668 2669 679
2667 679 2669
2371 2669 609
2665 609 2669
675 2660 2652
2671 2652 2660
679 2670 2668
2671 2668 2670
2655 676 2675
2672 2675 676
2674 2675 681
2673 681 2675
679 2676 2670
2677 2670 2676
676 2650 2672
2677 2672 2650
608 2678 2372
2679 2372 2678
2679 2676 2667
679 2667 2676
2681 2341 2680
600 2680 2341
608 2368 2678
2681 2678 2368
2683 2682 2673
681 2673 2682
2683 2680 2334
600 2334 2680
664 2684 2615
2687 2615 2684
683 2686 2685
2687 2685 2686
2688 2689 681
2674 681 2689
2609 2689 664
2684 664 2689
649 2690 2559
2691 2559 2690
2691 2688 2682
681 2682 2688
2692 2693 414
1601 414 2693
2555 2693 649
2690 649 2693
2685 2695 683
2694 683 2695
414 1596 2692
2695 2692 1596
2696 2699 418
1609 418 2699
2698 2699 686
2697 686 2699
632 2700 2472
2701 2472 2700
418 1620 2696
2701 2696 1620
2703 2704 685
2702 685 2704
2468 2704 632
2700 632 2704
2705 2707 670
2622 670 2707
685 2706 2703
2707 2703 2706
2709 2708 2697
686 2697 2708
2705 670 2709
2631 2709 670
1624 420 2712
2710 2712 420
683 2694 2711
2712 2711 2694
686 2713 2698
2714 2698 2713
2714 2710 1630
420 1630 2710
2715 2716 673
2636 673 2716
2713 686 2716
2708 2716 686
2711 2717 683
2686 683 2717
2644 2717 673
2715 673 2717
651 2718 2570
2720 2570 2718
685 2702 2719
2720 2719 2702
2663 678 2722
2721 2722 678
2567 2722 651
2718 651 2722
2723 2724 661
2591 661 2724
2658 2724 678
2721 678 2724
2719 2725 685
2706 685 2725
661 2601 2723
2725 2723 2601
659 2726 2599
2729 2599 2726
2729 2727 2728
691 2728 2727
2730 690 2732
2731 2732 690
2593 2732 659
2726 659 2732
656 2733 2575
2735 2575 2733
690 2734 2731
2735 2731 2734
691 2727 2736
2737 2736 2727
656 2585 2733
2737 2733 2585
2738 2741 668
2629 668 2741
2740 2741 693
2739 693 2741
2728 691 2743
2742 2743 691
668 2624 2738
2743 2738 2624
655 2744 2586
2745 2586 2744
691 2736 2742
2745 2742 2736
693 2739 2746
2747 2746 2739
655 2581 2744
2747 2744 2581
672 2748 2642
2751 2642 2748
2751 2749 2750
695 2750 2749
2753 2740 2752
693 2752 2740
2638 2753 672
2748 672 2753
2754 2755 654
2583 654 2755
2752 693 2755
2746 2755 693
695 2749 2756
2757 2756 2749
654 2577 2754
2757 2754 2577
2758 2760 666
2607 666 2760
2730 2760 690
2759 690 2760
2762 2750 2761
695 2761 2750
666 2617 2758
2762 2758 2617
653 2763 2579
2764 2579 2763
695 2756 2761
2764 2761 2756
690 2759 2734
2765 2734 2759
653 2572 2763
2765 2763 2572
2766 698 2769
2767 2769 698
2768 481 2769
1882 2769 481
2773 2770 2771
699 2771 2770
698 2772 2767
2773 2767 2772
2777 2774 2775
700 2775 2774
2771 699 2777
2776 2777 699
2779 1887 2768
481 2768 1887
2775 700 2779
2778 2779 700
700 2780 2778
2782 2778 2780
623 2427 2781
2782 2781 2427
2784 2785 702
2783 702 2785
2774 2785 700
2780 700 2785
435 2786 1702
2788 1702 2786
702 2787 2784
2788 2784 2787
2781 2789 623
2430 623 2789
1697 2789 435
2786 435 2789
2790 2792 440
1708 440 2792
2408 2792 619
2791 619 2792
704 2794 2793
2795 2793 2794
440 1717 2790
2795 2790 1717
2796 705 2799
2797 2799 705
2798 2799 704
2794 704 2799
619 2791 2413
2801 2413 2791
705 2800 2797
2801 2797 2800
2802 2804 705
2800 705 2804
2804 2803 1871
478 1871 2803
2806 2807 707
2805 707 2807
2807 2802 2796
705 2796 2802
698 2808 2772
2810 2772 2808
2810 2806 2809
707 2809 2806
2803 2811 478
1876 478 2811
2811 2808 2766
698 2766 2808
2812 2814 702
2787 702 2814
444 1730 2813
2814 2813 1730
699 2815 2776
2816 2776 2815
702 2783 2812
2816 2812 2783
2818 2819 709
2817 709 2819
2770 2819 699
2815 699 2819
2821 1736 2813
444 2813 1736
709 2820 2818
2821 2818 2820
709 2822 2820
2824 2820 2822
1742 2824 447
2823 447 2824
2825 2826 707
2809 707 2826
2817 2826 709
2822 709 2826
704 2827 2798
2828 2798 2827
707 2805 2825
2828 2825 2805
2823 2829 447
1747 447 2829
2793 2829 704
2827 704 2829
2831 2834 712
2830 712 2834
2833 2834 714
2832 714 2834
2835 713 2838
2836 2838 713
712 2837 2831
2838 2831 2837
714 2832 2839
2841 2839 2832
713 2840 2836
2841 2836 2840
2843 2845 716
2842 716 2845
712 2830 2844
2845 2844 2830
518 2846 2005
2848 2005 2846
2848 2843 2847
716 2847 2843
2849 2850 496
1936 496 2850
2014 2850 518
2846 518 2850
717 2852 2851
2853 2851 2852
496 1931 2849
2853 2849 1931
2844 2855 712
2837 712 2855
2854 2855 717
2852 717 2855
714 2856 2833
2858 2833 2856
716 2842 2857
2858 2857 2842
2860 2861 719
2859 719 2861
2839 2861 714
2856 714 2861
2862 2864 533
2073 533 2864
2863 2864 719
2860 719 2864
544 2865 2114
2866 2114 2865
2862 533 2866
2066 2866 533
2857 2867 716
2847 716 2867
2110 2867 544
2865 544 2867
2868 2871 459
1793 459 2871
2870 2871 721
2869 721 2871
617 2872 2406
2873 2406 2872
2873 2868 1800
459 1800 2868
2863 719 2875
2874 2875 719
2403 2875 617
2872 617 2875
721 2869 2876
2877 2876 2869
719 2859 2874
2877 2874 2859
462 2878 1804
2880 1804 2878
636 2484 2879
2880 2879 2484
2882 2883 723
2881 723 2883
1811 2883 462
2878 462 2883
717 2884 2854
2886 2854 2884
723 2885 2882
2886 2882 2885
2879 2887 636
2489 636 2887
2851 2887 717
2884 717 2887
725 2889 2888
2891 2888 2889
713 2835 2890
2891 2890 2835
2893 2895 726
2892 726 2895
2894 2895 725
2889 725 2895
2897 2899 727
2896 727 2899
2893 726 2899
2898 2899 726
2840 713 2901
2890 2901 713
2901 2897 2900
727 2900 2897
2900 727 2904
2902 2904 727
2876 2904 721
2903 721 2904
729 2906 2905
2907 2905 2906
727 2896 2902
2907 2902 2896
2908 2910 468
1836 468 2910
2909 2910 729
2906 729 2910
721 2903 2870
2911 2870 2903
468 1831 2908
2911 2908 1831
472 2912 1842
2914 1842 2912
2914 2913 2881
723 2881 2913
2916 2917 731
2915 731 2917
1849 2917 472
2912 472 2917
2920 2894 2918
725 2918 2894
731 2919 2916
2920 2916 2919
2913 2921 723
2885 723 2921
2918 725 2921
2888 2921 725
2922 2924 726
2898 726 2924
2905 2924 729
2923 729 2924
2925 2926 731
2919 731 2926
2922 726 2926
2892 2926 726
474 2927 1859
2928 1859 2927
731 2915 2925
2928 2925 2915
729 2923 2909
2929 2909 2923
2929 2927 1855
474 1855 2927
737 5 738
734 738 5
192 736 735
738 735 736
742 741 739
13 739 741
740 192 742
735 742 192
746 745 743
9 743 745
192 740 744
746 744 740
15 747 748
749 748 747
744 749 192
736 192 749
753 734 750
5 750 734
196 752 751
753 751 752
17 754 756
757 756 754
751 757 196
755 196 757
761 760 758
12 758 760
196 755 759
761 759 755
762 13 763
741 763 13
759 763 196
752 196 763
0 764 767
768 767 764
766 768 201
765 201 768
11 769 771
772 771 769
201 765 770
772 770 765
773 776 10
775 10 776
770 776 201
774 201 776
23 777 778
779 778 777
201 774 766
779 766 774
6 780 783
784 783 780
205 782 781
784 781 782
778 787 23
786 23 787
781 787 205
785 205 787
10 788 773
790 773 788
205 785 789
790 789 785
791 793 22
792 22 793
789 793 205
782 205 793
1 794 797
798 797 794
210 796 795
798 795 796
799 802 26
801 26 802
795 802 210
800 210 802
803 806 18
805 18 806
210 800 804
806 804 800
19 807 808
809 808 807
809 796 804
210 804 796
767 813 0
812 0 813
811 813 214
810 214 813
23 814 777
816 777 814
214 810 815
816 815 810
817 820 14
819 14 820
815 820 214
818 214 820
15 821 822
823 822 821
214 818 811
823 811 818
827 826 737
5 737 826
217 825 824
827 824 825
15 822 747
829 747 822
824 829 217
828 217 829
14 830 817
832 817 830
217 828 831
832 831 828
833 835 31
834 31 835
831 835 217
825 217 835
840 839 836
4 836 839
837 221 840
838 840 221
31 834 842
843 842 834
843 841 837
221 837 841
830 14 846
844 846 14
841 846 221
845 221 846
848 29 849
847 849 29
221 845 838
849 838 845
850 853 6
780 6 853
852 853 223
851 223 853
856 855 848
29 848 855
854 223 856
851 856 223
14 819 844
858 844 819
858 857 854
223 854 857
23 786 814
859 814 786
857 859 223
852 223 859
860 863 1
794 1 863
862 863 227
861 227 863
17 864 866
867 866 864
227 861 865
867 865 861
868 871 16
870 16 871
865 871 227
869 227 871
26 801 872
873 872 801
227 869 862
873 862 869
878 877 874
7 874 877
231 876 875
878 875 876
872 881 26
880 26 881
875 881 231
879 231 881
16 882 868
884 868 882
231 879 883
884 883 879
886 28 887
885 887 28
883 887 231
876 231 887
836 4 891
888 891 4
890 891 234
889 234 891
28 886 893
894 893 886
234 889 892
894 892 889
895 897 16
882 16 897
892 897 234
896 234 897
898 31 899
842 899 31
234 896 890
899 890 896
750 5 902
826 902 5
235 901 900
902 900 901
31 898 833
904 833 898
900 904 235
903 235 904
16 870 895
906 895 870
235 903 905
906 905 903
17 756 864
907 864 756
905 907 235
901 235 907
912 911 908
2 908 911
240 910 909
912 909 910
21 913 915
916 915 913
914 240 916
909 916 240
20 917 919
920 919 917
920 918 914
240 914 918
30 921 922
923 922 921
918 923 240
910 240 923
924 928 8
927 8 928
244 926 925
928 925 926
922 931 30
930 30 931
925 931 244
929 244 931
20 932 917
934 917 932
244 929 933
934 933 929
937 936 935
32 935 936
933 937 244
926 244 937
938 942 3
941 3 942
940 942 249
939 249 942
27 943 945
946 945 943
249 939 944
946 944 939
947 950 24
949 24 950
944 950 249
948 249 950
25 951 952
953 952 951
953 940 948
249 948 940
8 927 956
957 956 927
252 955 954
957 954 955
958 960 32
935 32 960
954 960 252
959 252 960
24 949 962
963 962 949
252 959 961
963 961 959
964 965 27
943 27 965
961 965 252
955 252 965
839 969 4
968 4 969
967 969 255
966 255 969
29 970 847
972 847 970
255 966 971
972 971 966
974 30 975
930 975 30
971 975 255
973 255 975
8 976 924
977 924 976
255 973 967
977 967 973
28 978 885
981 885 978
981 979 980
258 980 979
945 984 27
983 27 984
979 984 258
982 258 984
985 987 3
938 3 987
258 982 986
987 986 982
877 989 7
988 7 989
980 258 989
986 989 258
22 990 791
993 791 990
993 991 992
261 992 991
21 915 995
996 995 915
991 996 261
994 261 996
997 999 2
908 2 999
261 994 998
999 998 994
783 1001 6
1000 6 1001
992 261 1001
998 1001 261
27 983 964
1004 964 983
262 1003 1002
1004 1002 1003
893 1006 28
978 28 1006
1002 1006 262
1005 262 1006
4 968 888
1008 888 968
262 1005 1007
1008 1007 1005
956 1009 8
976 8 1009
1007 1009 262
1003 262 1009
855 1012 29
970 29 1012
1011 1012 263
1010 263 1012
6 1000 850
1014 850 1000
263 1010 1013
1014 1013 1010
911 1016 2
997 2 1016
1013 1016 263
1015 263 1016
30 974 921
1017 921 974
263 1015 1011
1017 1011 1015
22 1018 990
1021 990 1018
1019 267 1021
1020 1021 267
34 1022 1024
1025 1024 1022
1025 1023 1019
267 1019 1023
1028 33 1029
1026 1029 33
1023 1029 267
1027 267 1029
1031 1030 995
21 995 1030
267 1027 1020
1031 1020 1027
1032 1035 34
1022 34 1035
1034 1035 271
1033 271 1035
36 1036 1038
1039 1038 1036
271 1033 1037
1039 1037 1033
1042 35 1043
1040 1043 35
1037 1043 271
1041 271 1043
1045 1044 1028
33 1028 1044
271 1041 1034
1045 1034 1041
34 1046 1032
1049 1032 1046
275 1048 1047
1049 1047 1048
1050 1053 39
1052 39 1053
1047 1053 275
1051 275 1053
40 1054 1056
1057 1056 1054
275 1051 1055
1057 1055 1051
1038 1059 36
1058 36 1059
1055 1059 275
1048 275 1059
36 1058 1062
1063 1062 1058
279 1061 1060
1063 1060 1061
1064 1066 40
1054 40 1066
1060 1066 279
1065 279 1066
1070 1069 1067
41 1067 1069
279 1065 1068
1070 1068 1065
37 1071 1072
1073 1072 1071
1073 1061 1068
279 1068 1061
1078 1077 1074
42 1074 1077
284 1076 1075
1078 1075 1076
1079 1082 47
1081 47 1082
284 1075 1080
1082 1080 1075
1083 1086 44
1085 44 1086
284 1080 1084
1086 1084 1080
1087 1089 45
1088 45 1089
284 1084 1076
1089 1076 1084
1090 1094 43
1093 43 1094
289 1092 1091
1094 1091 1092
1098 1097 1095
49 1095 1097
289 1091 1096
1098 1096 1091
1099 1102 46
1101 46 1102
1096 1102 289
1100 289 1102
1103 1105 48
1104 48 1105
289 1100 1092
1105 1092 1100
17 866 1108
1109 1108 866
1106 292 1109
1107 1109 292
1112 860 1110
1 1110 860
292 1106 1111
1112 1111 1106
1093 1115 43
1114 43 1115
1111 1115 292
1113 292 1115
1116 1117 48
1103 48 1117
292 1113 1107
1117 1107 1113
19 1118 1121
1122 1121 1118
296 1120 1119
1122 1119 1120
12 1123 1125
1126 1125 1123
1119 1126 296
1124 296 1126
1101 1129 46
1128 46 1129
296 1124 1127
1129 1127 1124
1130 1131 49
1095 49 1131
1127 1131 296
1120 296 1131
17 1108 754
1134 754 1108
297 1133 1132
1134 1132 1133
1104 1136 48
1116 48 1136
1132 1136 297
1135 297 1136
1128 1138 46
1099 46 1138
297 1135 1137
1138 1137 1135
12 760 1123
1139 1123 760
1137 1139 297
1133 297 1139
19 1121 807
1142 807 1121
1141 1142 298
1140 298 1142
1097 1144 49
1130 49 1144
298 1140 1143
1144 1143 1140
1114 1146 43
1090 43 1146
1143 1146 298
1145 298 1146
1147 1110 797
1 797 1110
1147 1141 1145
298 1145 1141
15 1148 821
1151 821 1148
1150 1151 301
1149 301 1151
1081 1154 47
1153 47 1154
301 1149 1152
1154 1152 1149
1155 1157 42
1074 42 1157
1152 1157 301
1156 301 1157
1159 1158 812
0 812 1158
301 1156 1150
1159 1150 1156
771 1163 11
1162 11 1163
1160 303 1163
1161 1163 303
1158 1165 0
764 0 1165
1165 1164 1160
303 1160 1164
1077 1167 42
1155 42 1167
1164 1167 303
1166 303 1167
1168 1169 45
1087 45 1169
303 1166 1161
1169 1161 1166
1170 1173 9
743 9 1173
1172 1173 305
1171 305 1173
1085 1176 44
1175 44 1176
305 1171 1174
1176 1174 1171
1153 1178 47
1079 47 1178
1174 1178 305
1177 305 1178
15 748 1148
1179 1148 748
305 1177 1172
1179 1172 1177
11 1162 1182
1183 1182 1162
307 1181 1180
1183 1180 1181
1088 1185 45
1168 45 1185
1180 1185 307
1184 307 1185
1175 1187 44
1083 44 1187
307 1184 1186
1187 1186 1184
9 1188 1170
1189 1170 1188
1186 1189 307
1181 307 1189
37 1190 1071
1193 1071 1190
311 1192 1191
1193 1191 1192
50 1194 1196
1197 1196 1194
311 1191 1195
1197 1195 1191
1200 52 1201
1198 1201 52
311 1195 1199
1201 1199 1195
1204 1203 1042
35 1042 1203
311 1199 1202
1204 1202 1199
1062 1205 36
1036 36 1205
1202 1205 311
1192 311 1205
51 1206 1209
1210 1209 1206
1210 1207 1208
316 1208 1207
1211 1214 52
1213 52 1214
1207 1214 316
1212 316 1214
1215 1218 56
1217 56 1218
1216 316 1218
1212 1218 316
1221 1220 1219
55 1219 1220
316 1216 1208
1221 1208 1216
1224 1211 1200
52 1200 1211
319 1223 1222
1224 1222 1223
50 1225 1194
1227 1194 1225
1226 319 1227
1222 1227 319
1231 1230 1228
53 1228 1230
319 1226 1229
1231 1229 1226
1217 1233 56
1232 56 1233
1229 1233 319
1223 319 1233
1237 1228 1234
53 1234 1228
322 1236 1235
1237 1235 1236
1238 1241 54
1240 54 1241
1235 1241 322
1239 322 1241
1220 1244 55
1243 55 1244
322 1239 1242
1244 1242 1239
1232 1245 56
1215 56 1245
1242 1245 322
1236 322 1245
1246 1250 68
1249 68 1250
1248 1250 326
1247 326 1250
75 1251 1253
1254 1253 1251
326 1247 1252
1254 1252 1247
919 1257 20
1256 20 1257
1252 1257 326
1255 326 1257
21 1258 913
1259 913 1258
326 1255 1248
1259 1248 1255
1263 76 1264
1260 1264 76
1262 1264 330
1261 330 1264
1268 1267 1265
79 1265 1267
330 1261 1266
1268 1266 1261
962 1271 24
1270 24 1271
1269 330 1271
1266 1271 330
32 1272 958
1273 958 1272
330 1269 1262
1273 1262 1269
1265 79 1277
1274 1277 79
1276 1277 333
1275 333 1277
1281 1280 1278
80 1278 1280
333 1275 1279
1281 1279 1275
1283 25 1284
952 1284 25
1279 1284 333
1282 333 1284
24 1270 947
1285 947 1270
1285 1276 1282
333 1282 1276
1286 1290 66
1289 66 1290
1288 1290 337
1287 337 1290
1294 1293 1291
67 1291 1293
337 1287 1292
1294 1292 1287
1296 11 1297
1182 1297 11
1292 1297 337
1295 337 1297
1299 1188 1298
9 1298 1188
337 1295 1288
1299 1288 1295
77 1300 1303
1304 1303 1300
1304 1301 1302
341 1302 1301
1305 1308 73
1307 73 1308
1306 341 1308
1301 1308 341
1311 1310 1125
12 1125 1310
341 1306 1309
1311 1309 1306
1312 1313 19
1118 19 1313
1302 341 1313
1309 1313 341
1314 1317 75
1251 75 1317
1316 1317 343
1315 343 1317
1320 1319 1263
76 1263 1319
343 1315 1318
1320 1318 1315
936 1322 32
1272 32 1322
1321 343 1322
1318 1322 343
20 1256 932
1323 932 1256
343 1321 1316
1323 1316 1321
1327 69 1328
1324 1328 69
1325 346 1328
1326 1328 346
68 1249 1330
1331 1330 1249
346 1325 1329
1331 1329 1325
1030 1333 21
1258 21 1333
1329 1333 346
1332 346 1333
33 1334 1026
1335 1026 1334
346 1332 1326
1335 1326 1332
1339 70 1340
1336 1340 70
1338 1340 349
1337 349 1340
1343 1342 1327
69 1327 1342
349 1337 1341
1343 1341 1337
1044 1345 33
1334 33 1345
1344 349 1345
1341 1345 349
35 1346 1040
1347 1040 1346
1347 1338 1344
349 1344 1338
58 1348 1351
1352 1351 1348
1350 1352 354
1349 354 1352
64 1353 1355
1356 1355 1353
354 1349 1354
1356 1354 1349
1357 1360 38
1359 38 1360
1354 1360 354
1358 354 1360
37 1361 1362
1363 1362 1361
354 1358 1350
1363 1350 1358
1367 59 1368
1364 1368 59
357 1366 1365
1368 1365 1366
1371 1370 1351
58 1351 1370
1369 357 1371
1365 1371 357
37 1072 1361
1373 1361 1072
1373 1372 1369
357 1369 1372
1374 1375 41
1067 41 1375
1372 1375 357
1366 357 1375
1379 78 1380
1376 1380 78
1378 1380 360
1377 360 1380
1382 77 1383
1303 1383 77
360 1377 1381
1383 1381 1377
19 808 1312
1385 1312 808
1384 360 1385
1381 1385 360
18 1386 803
1387 803 1386
1387 1378 1384
360 1384 1378
67 1388 1291
1391 1291 1388
363 1390 1389
1391 1389 1390
1392 1395 57
1394 57 1395
1393 363 1395
1389 1395 363
10 775 1397
1398 1397 775
363 1393 1396
1398 1396 1393
769 11 1399
1296 1399 11
1396 1399 363
1390 363 1399
1403 1392 1400
57 1400 1392
366 1402 1401
1403 1401 1402
1404 1407 60
1406 60 1407
1405 366 1407
1401 1407 366
22 792 1409
1410 1409 792
366 1405 1408
1410 1408 1405
1397 1411 10
788 10 1411
1408 1411 366
1402 366 1411
1412 1415 60
1404 60 1415
369 1414 1413
1415 1413 1414
1419 1418 1416
61 1416 1418
369 1413 1417
1419 1417 1413
34 1024 1421
1422 1421 1024
1420 369 1422
1417 1422 369
1409 1423 22
1018 22 1423
1420 1423 369
1414 369 1423
1424 1427 61
1416 61 1427
1426 1427 372
1425 372 1427
1428 1431 62
1430 62 1431
372 1425 1429
1431 1429 1425
1434 1433 1052
39 1052 1433
1432 372 1434
1429 1434 372
34 1421 1046
1435 1046 1421
1435 1426 1432
372 1432 1426
1439 1428 1436
62 1436 1428
375 1438 1437
1439 1437 1438
1440 1443 63
1442 63 1443
1437 1443 375
1441 375 1443
40 1056 1445
1446 1445 1056
375 1441 1444
1446 1444 1441
1433 1447 39
1050 39 1447
1444 1447 375
1438 375 1447
1451 1440 1448
63 1448 1440
1450 1451 377
1449 377 1451
1454 1453 1367
59 1367 1453
377 1449 1452
1454 1452 1449
1069 1456 41
1374 41 1456
1452 1456 377
1455 377 1456
40 1445 1064
1457 1064 1445
1457 1450 1455
377 1455 1450
1461 1460 1339
70 1339 1460
380 1459 1458
1461 1458 1459
1346 35 1463
1203 1463 35
380 1458 1462
1463 1462 1458
52 1213 1198
1465 1198 1213
380 1462 1464
1465 1464 1462
1466 1468 51
1206 51 1468
380 1464 1467
1468 1467 1464
1469 1471 71
1470 71 1471
380 1467 1459
1471 1459 1467
37 1362 1190
1474 1190 1362
1474 1472 1473
382 1473 1472
38 1475 1357
1477 1357 1475
1477 1476 1472
382 1472 1476
1196 1479 50
1478 50 1479
1476 1479 382
1473 382 1479
1484 1483 1480
84 1480 1483
1482 1484 387
1481 387 1484
1488 1487 1485
82 1485 1487
387 1481 1486
1488 1486 1481
1489 1492 83
1491 83 1492
1486 1492 387
1490 387 1492
1495 1494 1493
81 1493 1494
387 1490 1482
1495 1482 1490
1496 1500 91
1499 91 1500
1498 1500 392
1497 392 1500
1504 1503 1501
88 1501 1503
392 1497 1502
1504 1502 1497
1508 1507 1505
87 1505 1507
1506 392 1508
1502 1508 392
92 1509 1510
1511 1510 1509
1511 1498 1506
392 1506 1498
92 1512 1515
1516 1515 1512
1516 1513 1514
397 1514 1513
1520 1519 1517
85 1517 1519
1513 1520 397
1518 397 1520
1524 1523 1521
86 1521 1523
397 1518 1522
1524 1522 1518
1525 1527 93
1526 93 1527
1514 397 1527
1522 1527 397
88 1528 1501
1531 1501 1528
1529 401 1531
1530 1531 401
1534 89 1535
1532 1535 89
1529 1535 401
1533 401 1535
1538 90 1539
1536 1539 90
1533 1539 401
1537 401 1539
1541 1540 1507
87 1507 1540
401 1537 1530
1541 1530 1537
1542 1545 89
1532 89 1545
1543 404 1545
1544 1545 404
1523 1548 86
1547 86 1548
1546 404 1548
1543 1548 404
1517 85 1551
1549 1551 85
404 1546 1550
1551 1550 1546
1553 1552 1538
90 1538 1552
1544 404 1553
1550 1553 404
91 1499 1556
1557 1556 1499
407 1555 1554
1557 1554 1555
92 1515 1509
1559 1509 1515
1554 1559 407
1558 407 1559
1560 1562 93
1525 93 1562
1561 407 1562
1558 1562 407
94 1563 1564
1565 1564 1563
407 1561 1555
1565 1555 1561
1569 1568 1556
91 1556 1568
410 1567 1566
1569 1566 1567
1570 1572 94
1563 94 1572
410 1566 1571
1572 1571 1566
54 1240 1574
1575 1574 1240
410 1571 1573
1575 1573 1571
1230 1577 53
1234 53 1577
1573 1577 410
1576 410 1577
50 1578 1225
1579 1225 1578
410 1576 1567
1579 1567 1576
93 1580 1560
1583 1560 1580
1583 1581 1582
412 1582 1581
1585 51 1586
1209 1586 51
1584 412 1586
1581 1586 412
1243 1588 55
1219 55 1588
412 1584 1587
1588 1587 1584
1574 1590 54
1238 54 1590
412 1587 1589
1590 1589 1587
1570 94 1591
1564 1591 94
1589 1591 412
1582 412 1591
1592 1595 86
1521 86 1595
415 1594 1593
1595 1593 1594
1596 1599 72
1598 72 1599
415 1593 1597
1599 1597 1593
71 1470 1601
1602 1601 1470
415 1597 1600
1602 1600 1597
1604 1466 1585
51 1585 1466
415 1600 1603
1604 1603 1600
93 1526 1580
1605 1580 1526
1605 1594 1603
415 1603 1594
1610 1609 1606
65 1606 1609
419 1608 1607
1610 1607 1608
1613 1612 1534
89 1534 1612
419 1607 1611
1613 1611 1607
1614 1616 88
1528 88 1616
419 1611 1615
1616 1615 1611
38 1359 1618
1619 1618 1359
419 1615 1617
1619 1617 1615
1620 1621 64
1353 64 1621
1617 1621 419
1608 419 1621
72 1598 1624
1625 1624 1598
1625 1622 1623
421 1623 1622
86 1547 1592
1627 1592 1547
421 1622 1626
1627 1626 1622
1629 1542 1612
89 1612 1542
421 1626 1628
1629 1628 1626
65 1630 1606
1631 1606 1630
1623 421 1631
1628 1631 421
1618 1634 38
1475 38 1634
1633 1634 422
1632 422 1634
1636 1614 1503
88 1503 1614
422 1632 1635
1636 1635 1632
91 1568 1496
1638 1496 1568
422 1635 1637
1638 1637 1635
50 1478 1578
1639 1578 1478
422 1637 1633
1639 1633 1637
1505 87 1643
1640 1643 87
1642 1643 425
1641 425 1643
1487 1646 82
1645 82 1646
1641 1646 425
1644 425 1646
1647 1649 84
1480 84 1649
1648 425 1649
1644 1649 425
92 1510 1650
1651 1650 1510
425 1648 1642
1651 1642 1648
90 1652 1536
1655 1536 1652
1655 1653 1654
427 1654 1653
1491 1658 83
1657 83 1658
1653 1658 427
1656 427 1658
1645 1660 82
1485 82 1660
1656 1660 427
1659 427 1660
1540 1661 87
1640 87 1661
1661 1654 1659
427 1659 1654
85 1662 1549
1665 1549 1662
1664 1665 429
1663 429 1665
1667 81 1668
1494 1668 81
1663 1668 429
1666 429 1668
1657 1670 83
1489 83 1670
1669 429 1670
1666 1670 429
90 1552 1652
1671 1652 1552
1671 1664 1669
429 1669 1664
92 1650 1512
1674 1512 1650
430 1673 1672
1674 1672 1673
1483 1676 84
1647 84 1676
1672 1676 430
1675 430 1676
1667 1678 81
1493 81 1678
1677 430 1678
1675 1678 430
1519 1679 85
1662 85 1679
1673 430 1679
1677 1679 430
13 762 1682
1683 1682 762
1683 1680 1681
434 1681 1680
1686 758 1684
12 1684 758
434 1680 1685
1686 1685 1680
1687 1690 96
1689 96 1690
1688 434 1690
1685 1690 434
1691 1693 97
1692 97 1693
1681 434 1693
1688 1693 434
1684 12 1696
1310 1696 12
1695 1696 437
1694 437 1696
1699 1305 1697
73 1697 1305
437 1694 1698
1699 1698 1694
1700 1703 99
1702 99 1703
1698 1703 437
1701 437 1703
96 1689 1704
1705 1704 1689
437 1701 1695
1705 1695 1701
66 1289 1708
1709 1708 1289
441 1707 1706
1709 1706 1707
1710 1712 9
1298 9 1712
1706 1712 441
1711 441 1712
95 1713 1715
1716 1715 1713
441 1711 1714
1716 1714 1711
1717 1719 98
1718 98 1719
1714 1719 441
1707 441 1719
9 745 1710
1722 1710 745
1720 443 1722
1721 1722 443
739 13 1724
1682 1724 13
1724 1723 1720
443 1720 1723
1691 97 1727
1725 1727 97
1723 1727 443
1726 443 1727
1728 95 1729
1715 1729 95
443 1726 1721
1729 1721 1726
1733 1700 1730
99 1730 1700
446 1732 1731
1733 1731 1732
74 1734 1736
1737 1736 1734
1731 1737 446
1735 446 1737
97 1692 1739
1740 1739 1692
446 1735 1738
1740 1738 1735
1687 96 1741
1704 1741 96
1738 1741 446
1732 446 1741
74 1742 1734
1745 1734 1742
1744 1745 448
1743 448 1745
1748 1747 1718
98 1718 1747
448 1743 1746
1748 1746 1743
1728 1750 95
1713 95 1750
1746 1750 448
1749 448 1750
97 1739 1725
1751 1725 1739
448 1749 1744
1751 1744 1749
1756 1755 1752
100 1752 1755
1756 1753 1754
452 1754 1753
1757 1760 101
1759 101 1760
1753 1760 452
1758 452 1760
1761 1763 102
1762 102 1763
1758 1763 452
1754 452 1763
1767 1766 1755
100 1755 1766
455 1765 1764
1767 1764 1765
102 1768 1761
1770 1761 1768
455 1764 1769
1770 1769 1764
805 1773 18
1772 18 1773
1769 1773 455
1771 455 1773
26 880 799
1775 799 880
455 1771 1774
1775 1774 1771
874 7 1777
1776 1777 7
455 1774 1765
1777 1765 1774
1766 1780 100
1752 100 1780
457 1779 1778
1780 1778 1779
7 988 1776
1782 1776 988
457 1778 1781
1782 1781 1778
1784 985 941
3 941 985
457 1781 1783
1784 1783 1781
25 1785 951
1787 951 1785
457 1783 1786
1787 1786 1783
101 1759 1788
1789 1788 1759
457 1786 1779
1789 1779 1786
1794 1793 1790
103 1790 1793
460 1792 1791
1794 1791 1792
1788 1797 101
1796 101 1797
1791 1797 460
1795 460 1797
1785 25 1799
1283 1799 25
1799 1798 1795
460 1795 1798
1278 80 1801
1800 1801 80
1798 1801 460
1792 460 1801
1804 78 1805
1379 1805 78
1803 1805 463
1802 463 1805
18 1772 1386
1807 1386 1772
463 1802 1806
1807 1806 1802
1808 1810 102
1768 102 1810
1806 1810 463
1809 463 1810
1813 1812 1811
104 1811 1812
463 1809 1803
1813 1803 1809
1762 1817 102
1816 102 1817
1814 467 1817
1815 1817 467
101 1818 1757
1820 1757 1818
1820 1819 1814
467 1814 1819
1824 1823 1821
105 1821 1823
467 1819 1822
1824 1822 1819
1827 1826 1825
106 1825 1826
1827 1815 1822
467 1822 1815
101 1796 1818
1830 1818 1796
470 1829 1828
1830 1828 1829
1831 1833 103
1790 103 1833
1828 1833 470
1832 470 1833
107 1834 1836
1837 1836 1834
470 1832 1835
1837 1835 1832
1823 1839 105
1838 105 1839
1835 1839 470
1829 470 1839
1842 104 1843
1812 1843 104
1841 1843 473
1840 473 1843
1845 1808 1816
102 1816 1808
473 1840 1844
1845 1844 1840
1846 1848 106
1825 106 1848
1847 473 1848
1844 1848 473
108 1849 1850
1851 1850 1849
1851 1841 1847
473 1847 1841
1854 1821 1838
105 1838 1821
475 1853 1852
1854 1852 1853
1855 1857 107
1834 107 1857
1852 1857 475
1856 475 1857
1850 1860 108
1859 108 1860
1856 1860 475
1858 475 1860
1861 1846 1826
106 1826 1846
475 1858 1853
1861 1853 1858
1862 1866 114
1865 114 1866
480 1864 1863
1866 1863 1864
124 1867 1869
1870 1869 1867
1868 480 1870
1863 1870 480
1874 1873 1871
118 1871 1873
480 1868 1872
1874 1872 1868
1877 1876 1875
122 1875 1876
1872 1877 480
1864 480 1877
1881 1880 1865
114 1865 1880
484 1879 1878
1881 1878 1879
1882 1884 122
1875 122 1884
1883 484 1884
1878 1884 484
1888 1887 1885
121 1885 1887
484 1883 1886
1888 1886 1883
126 1889 1890
1891 1890 1889
1886 1891 484
1879 484 1891
109 1892 1895
1896 1895 1892
1894 1896 489
1893 489 1896
132 1897 1899
1900 1899 1897
489 1893 1898
1900 1898 1893
1901 1904 119
1903 119 1904
1898 1904 489
1902 489 1904
120 1905 1906
1907 1906 1905
489 1902 1894
1907 1894 1902
115 1908 1911
1912 1911 1908
493 1910 1909
1912 1909 1910
1913 1916 131
1915 131 1916
1909 1916 493
1914 493 1916
119 1903 1918
1919 1918 1903
493 1914 1917
1919 1917 1914
1920 1921 132
1897 132 1921
1917 1921 493
1910 493 1921
110 1922 1925
1926 1925 1922
498 1924 1923
1926 1923 1924
128 1927 1929
1930 1929 1927
1930 1928 1923
498 1923 1928
1934 1933 1931
127 1931 1933
498 1928 1932
1934 1932 1928
1935 1937 135
1936 135 1937
1932 1937 498
1924 498 1937
1938 1941 109
1892 109 1941
1940 1941 502
1939 502 1941
124 1942 1944
1945 1944 1942
502 1939 1943
1945 1943 1939
1946 1949 123
1948 123 1949
1943 1949 502
1947 502 1949
132 1899 1950
1951 1950 1899
502 1947 1940
1951 1940 1947
1955 1862 1952
114 1952 1862
505 1954 1953
1955 1953 1954
1956 1959 140
1958 140 1959
1953 1959 505
1957 505 1959
123 1948 1961
1962 1961 1948
505 1957 1960
1962 1960 1957
124 1869 1942
1963 1942 1869
1960 1963 505
1954 505 1963
1968 1967 1964
113 1964 1967
1966 1968 509
1965 509 1968
1969 1972 138
1971 138 1972
509 1965 1970
1972 1970 1965
1961 1975 123
1974 123 1975
1973 509 1975
1970 1975 509
140 1976 1956
1977 1956 1976
1977 1966 1973
509 1973 1966
1911 1981 115
1980 115 1981
1978 511 1981
1979 1981 511
132 1950 1920
1983 1920 1950
1982 511 1983
1978 1983 511
123 1974 1946
1985 1946 1974
1985 1984 1982
511 1982 1984
1987 1969 1986
138 1986 1969
1984 1987 511
1979 511 1987
1925 1991 110
1990 110 1991
1989 1991 515
1988 515 1991
135 1992 1935
1994 1935 1992
515 1988 1993
1994 1993 1988
1995 1998 125
1997 125 1998
1993 1998 515
1996 515 1998
126 1999 2000
2001 2000 1999
515 1996 1989
2001 1989 1996
2006 2005 2002
116 2002 2005
519 2004 2003
2006 2003 2004
2007 2010 137
2009 137 2010
2008 519 2010
2003 2010 519
125 1997 2012
2013 2012 1997
519 2008 2011
2013 2011 2008
2014 2015 135
1992 135 2015
2011 2015 519
2004 519 2015
1967 2019 113
2018 113 2019
2016 522 2019
2017 2019 522
2020 2022 140
1976 140 2022
522 2016 2021
2022 2021 2016
2012 2025 125
2024 125 2025
2021 2025 522
2023 522 2025
137 2026 2007
2027 2007 2026
522 2023 2017
2027 2017 2023
1880 2030 114
1952 114 2030
523 2029 2028
2030 2028 2029
126 2000 1889
2032 1889 2000
2031 523 2032
2028 2032 523
125 2024 1995
2034 1995 2024
523 2031 2033
2034 2033 2031
140 1958 2020
2035 2020 1958
2033 2035 523
2029 523 2035
2040 2039 2036
111 2036 2039
528 2038 2037
2040 2037 2038
139 2041 2043
2044 2043 2041
2042 528 2044
2037 2044 528
129 2045 2047
2048 2047 2045
2048 2046 2042
528 2042 2046
130 2049 2050
2051 2050 2049
2046 2051 528
2038 528 2051
2055 117 2056
2052 2056 117
532 2054 2053
2056 2053 2054
2060 2059 2057
141 2057 2059
2053 2060 532
2058 532 2060
129 2047 2062
2063 2062 2047
532 2058 2061
2063 2061 2058
2064 2065 139
2041 139 2065
2061 2065 532
2054 532 2065
2066 2070 112
2069 112 2070
2068 2070 537
2067 537 2070
134 2071 2073
2074 2073 2071
2074 2072 2067
537 2067 2072
2075 2078 133
2077 133 2078
2072 2078 537
2076 537 2078
136 2079 2080
2081 2080 2079
537 2076 2068
2081 2068 2076
117 2082 2052
2085 2052 2082
540 2084 2083
2085 2083 2084
2080 2088 136
2087 136 2088
2083 2088 540
2086 540 2088
133 2089 2075
2091 2075 2089
540 2086 2090
2091 2090 2086
2059 2093 141
2092 141 2093
2090 2093 540
2084 540 2093
2094 2097 113
1964 113 2097
2096 2097 543
2095 543 2097
117 2055 2099
2100 2099 2055
543 2095 2098
2100 2098 2095
2101 2103 139
2064 139 2103
2098 2103 543
2102 543 2103
138 1971 2104
2105 2104 1971
543 2102 2096
2105 2096 2102
137 2009 2108
2109 2108 2009
2109 2106 2107
546 2107 2106
2110 2112 116
2002 116 2112
2106 2112 546
2111 546 2112
2069 2115 112
2114 112 2115
546 2111 2113
2115 2113 2111
2116 2117 136
2079 136 2117
2107 546 2117
2113 2117 546
131 1915 2120
2121 2120 1915
2121 2118 2119
549 2119 2118
2122 2124 115
1908 115 2124
2118 2124 549
2123 549 2124
2127 2126 2039
111 2039 2126
549 2123 2125
2127 2125 2123
130 2128 2049
2129 2049 2128
2119 549 2129
2125 2129 549
136 2087 2116
2132 2116 2087
550 2131 2130
2132 2130 2131
2099 2134 117
2082 117 2134
2130 2134 550
2133 550 2134
113 2018 2094
2136 2094 2018
550 2133 2135
2136 2135 2133
2108 2137 137
2026 137 2137
2135 2137 550
2131 550 2137
2104 2140 138
1986 138 2140
2139 2140 551
2138 551 2140
139 2043 2101
2142 2101 2043
551 2138 2141
2142 2141 2138
2126 2144 111
2036 111 2144
2141 2144 551
2143 551 2144
115 1980 2122
2145 2122 1980
551 2143 2139
2145 2139 2143
131 2120 2148
2149 2148 2120
2147 2149 555
2146 555 2149
2152 2128 2150
130 2150 2128
555 2146 2151
2152 2151 2146
2153 2156 142
2155 142 2156
2154 555 2156
2151 2156 555
143 2157 2158
2159 2158 2157
2159 2147 2154
555 2154 2147
2158 2163 143
2162 143 2163
2161 2163 559
2160 559 2163
2166 2153 2164
142 2164 2153
559 2160 2165
2166 2165 2160
2167 2170 144
2169 144 2170
2168 559 2170
2165 2170 559
145 2171 2172
2173 2172 2171
559 2168 2161
2173 2161 2168
143 2162 2176
2177 2176 2162
563 2175 2174
2177 2174 2175
2178 2180 145
2171 145 2180
2174 2180 563
2179 563 2180
149 2181 2183
2184 2183 2181
563 2179 2182
2184 2182 2179
2185 2187 148
2186 148 2187
2182 2187 563
2175 563 2187
145 2188 2178
2191 2178 2188
567 2190 2189
2191 2189 2190
146 2192 2194
2195 2194 2192
2189 2195 567
2193 567 2195
2199 2198 2196
150 2196 2198
567 2193 2197
2199 2197 2193
2183 2201 149
2200 149 2201
2197 2201 567
2190 567 2201
2206 2205 2202
151 2202 2205
572 2204 2203
2206 2203 2204
2207 2210 154
2209 154 2210
572 2203 2208
2210 2208 2203
2211 2214 153
2213 153 2214
572 2208 2212
2214 2212 2208
2215 2217 156
2216 156 2217
572 2212 2204
2217 2204 2212
2222 2221 2218
152 2218 2221
577 2220 2219
2222 2219 2220
2223 2226 157
2225 157 2226
577 2219 2224
2226 2224 2219
2227 2230 155
2229 155 2230
2224 2230 577
2228 577 2230
2231 2233 158
2232 158 2233
577 2228 2220
2233 2220 2228
126 2234 1999
2237 1999 2234
2236 2237 580
2235 580 2237
2225 2240 157
2239 157 2240
580 2235 2238
2240 2238 2235
2241 2243 152
2218 152 2243
2238 2243 580
2242 580 2243
2245 2244 1990
110 1990 2244
580 2242 2236
2245 2236 2242
128 2246 2249
2250 2249 2246
584 2248 2247
2250 2247 2248
2232 2253 158
2252 158 2253
2247 2253 584
2251 584 2253
2254 2256 155
2227 155 2256
584 2251 2255
2256 2255 2251
121 2257 2258
2259 2258 2257
2255 2259 584
2248 584 2259
126 1890 2234
2262 2234 1890
585 2261 2260
2262 2260 2261
121 2258 1885
2264 1885 2258
2260 2264 585
2263 585 2264
2229 2266 155
2254 155 2266
585 2263 2265
2266 2265 2263
2239 2267 157
2223 157 2267
2265 2267 585
2261 585 2267
128 1929 2246
2270 2246 1929
2268 586 2270
2269 2270 586
2272 1922 2244
110 2244 1922
2272 2271 2268
586 2268 2271
2221 2274 152
2241 152 2274
2271 2274 586
2273 586 2274
2252 2275 158
2231 158 2275
586 2273 2269
2275 2269 2273
124 1944 2278
2279 2278 1944
2277 2279 589
2276 589 2279
2282 1938 2280
109 2280 1938
589 2276 2281
2282 2281 2276
2205 2285 151
2284 151 2285
2281 2285 589
2283 589 2285
2286 2287 156
2215 156 2287
589 2283 2277
2287 2277 2283
2288 2291 120
1905 120 2291
2290 2291 591
2289 591 2291
2209 2294 154
2293 154 2294
591 2289 2292
2294 2292 2289
2284 2296 151
2202 151 2296
2292 2296 591
2295 591 2296
2280 109 2297
1895 2297 109
2297 2290 2295
591 2295 2290
1873 2301 118
2300 118 2301
2299 2301 593
2298 593 2301
124 2278 1867
2303 1867 2278
593 2298 2302
2303 2302 2298
2216 2305 156
2286 156 2305
2302 2305 593
2304 593 2305
2307 2211 2306
153 2306 2211
593 2304 2299
2307 2299 2304
120 2308 2288
2311 2288 2308
595 2310 2309
2311 2309 2310
118 2300 2313
2314 2313 2300
2309 2314 595
2312 595 2314
2213 2316 153
2306 153 2316
595 2312 2315
2316 2315 2312
2293 2317 154
2207 154 2317
2315 2317 595
2310 595 2317
146 2194 2320
2321 2320 2194
599 2319 2318
2321 2318 2319
2172 2323 145
2188 145 2323
2318 2323 599
2322 599 2323
2326 2167 2324
144 2324 2167
599 2322 2325
2326 2325 2322
2327 2330 161
2329 161 2330
599 2325 2328
2330 2328 2325
159 2331 2332
2333 2332 2331
599 2328 2319
2333 2319 2328
160 2334 2337
2338 2337 2334
2338 2335 2336
604 2336 2335
2342 2341 2339
164 2339 2341
604 2335 2340
2342 2340 2335
2343 2346 165
2345 165 2346
2340 2346 604
2344 604 2346
2348 161 2349
2347 2349 161
2336 604 2349
2344 2349 604
2352 2327 2348
161 2348 2327
607 2351 2350
2352 2350 2351
2353 2355 165
2343 165 2355
2350 2355 607
2354 607 2355
2359 2358 2356
162 2356 2358
607 2354 2357
2359 2357 2354
159 2332 2360
2361 2360 2332
2357 2361 607
2351 607 2361
2365 2364 2358
162 2358 2364
610 2363 2362
2365 2362 2363
2345 2367 165
2353 165 2367
2362 2367 610
2366 610 2367
2368 2370 164
2339 164 2370
610 2366 2369
2370 2369 2366
2372 163 2373
2371 2373 163
2369 2373 610
2363 610 2373
2374 2377 68
1246 68 2377
2376 2377 613
2375 613 2377
130 2050 2379
2380 2379 2050
613 2375 2378
2380 2378 2375
2381 2383 129
2045 129 2383
2378 2383 613
2382 613 2383
75 1253 2384
2385 2384 1253
613 2382 2376
2385 2376 2382
2386 2389 76
1260 76 2389
2387 616 2389
2388 2389 616
141 2092 2391
2392 2391 2092
616 2387 2390
2392 2390 2387
2393 2395 133
2089 133 2395
2390 2395 616
2394 616 2395
2397 2396 1267
79 1267 2396
616 2394 2388
2397 2388 2394
2396 2400 79
1274 79 2400
2398 618 2400
2399 2400 618
133 2077 2393
2402 2393 2077
2402 2401 2398
618 2398 2401
2403 2405 134
2071 134 2405
2404 618 2405
2401 2405 618
2407 2406 1280
80 1280 2406
618 2404 2399
2407 2399 2404
2408 2411 66
1286 66 2411
2410 2411 621
2409 621 2411
2414 2413 2313
118 2313 2413
621 2409 2412
2414 2412 2409
2415 2417 120
2308 120 2417
2416 621 2417
2412 2417 621
2419 2418 1293
67 1293 2418
621 2416 2410
2419 2410 2416
77 2420 1300
2423 1300 2420
2423 2421 2422
624 2422 2421
2249 2426 128
2425 128 2426
2421 2426 624
2424 624 2426
2429 2257 2427
121 2427 2257
624 2424 2428
2429 2428 2424
2430 73 2431
1307 2431 73
2428 2431 624
2422 624 2431
2384 2434 75
1314 75 2434
2433 2434 625
2432 625 2434
129 2062 2381
2436 2381 2062
625 2432 2435
2436 2435 2432
2057 141 2438
2391 2438 141
2435 2438 625
2437 625 2438
2439 2386 1319
76 1319 2386
625 2437 2433
2439 2433 2437
2440 2443 69
1324 69 2443
2442 2443 627
2441 627 2443
142 2155 2445
2446 2445 2155
627 2441 2444
2446 2444 2441
2379 2448 130
2150 130 2448
2444 2448 627
2447 627 2448
68 1330 2374
2449 2374 1330
627 2447 2442
2449 2442 2447
2450 2453 70
1336 70 2453
2451 629 2453
2452 2453 629
144 2169 2455
2456 2455 2169
2456 2454 2451
629 2451 2454
2164 142 2458
2445 2458 142
2454 2458 629
2457 629 2458
2459 2440 1342
69 1342 2440
629 2457 2452
2459 2452 2457
58 2460 1348
2463 1348 2460
2462 2463 633
2461 633 2463
146 2464 2466
2467 2466 2464
633 2461 2465
2467 2465 2461
2468 2471 147
2470 147 2471
2465 2471 633
2469 633 2471
64 1355 2472
2473 2472 1355
633 2469 2462
2473 2462 2469
2474 2477 59
1364 59 2477
635 2476 2475
2477 2475 2476
2198 2480 150
2479 150 2480
2478 635 2480
2475 2480 635
146 2466 2192
2482 2192 2466
2482 2481 2478
635 2478 2481
2483 2460 1370
58 1370 2460
2481 2483 635
2476 635 2483
2484 2487 78
1376 78 2487
2485 637 2487
2486 2487 637
127 1933 2489
2490 2489 1933
2490 2488 2485
637 2485 2488
128 2425 1927
2492 1927 2425
2488 2492 637
2491 637 2492
1382 2493 77
2420 77 2493
637 2491 2486
2493 2486 2491
67 2418 1388
2496 1388 2418
639 2495 2494
2496 2494 2495
1906 2498 120
2415 120 2498
2494 2498 639
2497 639 2498
119 2499 1901
2501 1901 2499
639 2497 2500
2501 2500 2497
2502 57 2503
1394 2503 57
2500 2503 639
2495 639 2503
2506 1400 2502
57 2502 1400
641 2505 2504
2506 2504 2505
1918 2508 119
2499 119 2508
2504 2508 641
2507 641 2508
131 2509 1913
2511 1913 2509
641 2507 2510
2511 2510 2507
2512 60 2513
1406 2513 60
2510 2513 641
2505 641 2513
2516 1412 2512
60 2512 1412
643 2515 2514
2516 2514 2515
2148 2518 131
2509 131 2518
2517 643 2518
2514 2518 643
143 2519 2157
2521 2157 2519
2517 2521 643
2520 643 2521
2523 2522 1418
61 1418 2522
643 2520 2515
2523 2515 2520
1424 61 2526
2522 2526 61
2525 2526 645
2524 645 2526
143 2176 2519
2528 2519 2176
2528 2527 2524
645 2524 2527
2531 2185 2529
148 2529 2185
2527 2531 645
2530 645 2531
2532 62 2533
1430 2533 62
645 2530 2525
2533 2525 2530
2536 1436 2532
62 2532 1436
647 2535 2534
2536 2534 2535
2186 2538 148
2529 148 2538
2534 2538 647
2537 647 2538
149 2539 2181
2541 2181 2539
647 2537 2540
2541 2540 2537
2542 63 2543
1442 2543 63
2540 2543 647
2535 647 2543
2546 1448 2542
63 2542 1448
2544 648 2546
2545 2546 648
149 2200 2539
2548 2539 2200
2548 2547 2544
648 2544 2547
2479 2550 150
2196 150 2550
2547 2550 648
2549 648 2550
2551 2474 1453
59 1453 2474
648 2549 2545
2551 2545 2549
1460 2554 70
2450 70 2554
650 2553 2552
2554 2552 2553
2557 1469 2555
71 2555 1469
650 2552 2556
2557 2556 2552
2337 2560 160
2559 160 2560
650 2556 2558
2560 2558 2556
161 2329 2347
2562 2347 2329
650 2558 2561
2562 2561 2558
2455 2563 144
2324 144 2563
650 2561 2553
2563 2553 2561
146 2320 2464
2566 2464 2320
2566 2564 2565
652 2565 2564
2567 2569 159
2331 159 2569
2564 2569 652
2568 652 2569
147 2470 2570
2571 2570 2470
2571 2565 2568
652 2568 2565
2576 2575 2572
169 2572 2575
2574 2576 657
2573 657 2576
2580 2579 2577
166 2577 2579
657 2573 2578
2580 2578 2573
2581 2584 168
2583 168 2584
2578 2584 657
2582 657 2584
2587 2586 2585
167 2585 2586
657 2582 2574
2587 2574 2582
2588 2592 176
2591 176 2592
2589 662 2592
2590 2592 662
177 2593 2595
2596 2595 2593
2596 2594 2589
662 2589 2594
2600 2599 2597
172 2597 2599
2594 2600 662
2598 662 2600
2603 2602 2601
173 2601 2602
662 2598 2590
2603 2590 2598
177 2604 2607
2608 2607 2604
2608 2605 2606
667 2606 2605
2611 178 2612
2609 2612 178
2605 2612 667
2610 667 2612
2616 2615 2613
171 2613 2615
667 2610 2614
2616 2614 2610
2619 2618 2617
170 2617 2618
2606 667 2619
2614 2619 667
173 2602 2622
2623 2622 2602
2621 2623 671
2620 671 2623
2626 2597 2624
172 2624 2597
671 2620 2625
2626 2625 2620
2627 2630 175
2629 175 2630
2628 671 2630
2625 2630 671
2631 2633 174
2632 174 2633
2621 671 2633
2628 2633 671
2636 174 2637
2632 2637 174
2635 2637 674
2634 674 2637
2640 2627 2638
175 2638 2627
2634 2640 674
2639 674 2640
2618 2643 170
2642 170 2643
674 2639 2641
2643 2641 2639
2613 171 2645
2644 2645 171
2641 2645 674
2635 674 2645
176 2646 2588
2649 2588 2646
677 2648 2647
2649 2647 2648
179 2650 2652
2653 2652 2650
677 2647 2651
2653 2651 2647
2655 178 2656
2611 2656 178
2651 2656 677
2654 677 2656
177 2595 2604
2657 2604 2595
2654 2657 677
2648 677 2657
2661 2646 2658
176 2658 2646
680 2660 2659
2661 2659 2660
159 2360 2663
2664 2663 2360
680 2659 2662
2664 2662 2659
2364 2666 162
2356 162 2666
2662 2666 680
2665 680 2666
163 2667 2371
2669 2371 2667
680 2665 2668
2669 2668 2665
2670 179 2671
2652 2671 179
680 2668 2660
2671 2660 2668
178 2655 2674
2675 2674 2655
2675 2672 2673
682 2673 2672
2670 2677 179
2650 179 2677
2676 682 2677
2672 2677 682
2372 2679 163
2667 163 2679
682 2676 2678
2679 2678 2676
2341 2681 164
2368 164 2681
682 2678 2680
2681 2680 2678
2682 2683 160
2334 160 2683
2680 2683 682
2673 682 2683
2615 2687 171
2686 171 2687
684 2685 2684
2687 2684 2685
178 2674 2609
2689 2609 2674
2689 2688 2684
684 2684 2688
2691 2682 2559
160 2559 2682
684 2688 2690
2691 2690 2688
71 1601 2555
2693 2555 1601
684 2690 2692
2693 2692 2690
2695 1596 2694
72 2694 1596
684 2692 2685
2695 2685 2692
1609 2699 65
2698 65 2699
687 2697 2696
2699 2696 2697
2472 2701 64
1620 64 2701
2696 2701 687
2700 687 2701
147 2702 2468
2704 2468 2702
687 2700 2703
2704 2703 2700
2706 173 2707
2622 2707 173
687 2703 2705
2707 2705 2703
2709 2631 2708
174 2708 2631
687 2705 2697
2709 2697 2705
72 1624 2694
2712 2694 1624
2712 2710 2711
688 2711 2710
65 2698 1630
2714 1630 2698
2710 2714 688
2713 688 2714
2716 2708 2636
174 2636 2708
688 2713 2715
2716 2715 2713
171 2686 2644
2717 2644 2686
688 2715 2711
2717 2711 2715
2570 2720 147
2702 147 2720
2719 2720 689
2718 689 2720
159 2663 2567
2722 2567 2663
689 2718 2721
2722 2721 2718
176 2591 2658
2724 2658 2591
689 2721 2723
2724 2723 2721
2725 2601 2706
173 2706 2601
689 2723 2719
2725 2719 2723
2599 2729 172
2728 172 2729
2726 692 2729
2727 2729 692
177 2730 2593
2732 2593 2730
692 2726 2731
2732 2731 2726
2575 2735 169
2734 169 2735
2731 2735 692
2733 692 2735
2736 2737 167
2585 167 2737
2727 692 2737
2733 2737 692
175 2629 2740
2741 2740 2629
2741 2738 2739
694 2739 2738
2624 172 2743
2728 2743 172
2743 2742 2738
694 2738 2742
2586 2745 167
2736 167 2745
2742 2745 694
2744 694 2745
2746 2747 168
2581 168 2747
2739 694 2747
2744 2747 694
170 2642 2750
2751 2750 2642
2748 696 2751
2749 2751 696
175 2740 2638
2753 2638 2740
2753 2752 2748
696 2748 2752
2583 2755 168
2746 168 2755
2752 2755 696
2754 696 2755
2756 2757 166
2577 166 2757
2749 696 2757
2754 2757 696
177 2607 2730
2760 2730 2607
697 2759 2758
2760 2758 2759
2750 2762 170
2617 170 2762
2758 2762 697
2761 697 2762
2579 2764 166
2756 166 2764
2761 2764 697
2763 697 2764
2734 2765 169
2572 169 2765
2763 2765 697
2759 697 2765
122 2766 1882
2769 1882 2766
2769 2767 2768
701 2768 2767
2772 182 2773
2770 2773 182
2767 2773 701
2771 701 2773
2776 181 2777
2774 2777 181
2771 2777 701
2775 701 2777
2779 2778 1887
121 1887 2778
701 2775 2768
2779 2768 2775
2778 2782 121
2427 121 2782
2781 2782 703
2780 703 2782
181 2783 2774
2785 2774 2783
703 2780 2784
2785 2784 2780
1702 2788 99
2787 99 2788
2784 2788 703
2786 703 2788
2789 1697 2430
73 2430 1697
703 2786 2781
2789 2781 2786
66 1708 2408
2792 2408 1708
706 2791 2790
2792 2790 2791
2793 2795 98
1717 98 2795
2790 2795 706
2794 706 2795
180 2796 2798
2799 2798 2796
706 2794 2797
2799 2797 2794
2800 118 2801
2413 2801 118
2797 2801 706
2791 706 2801
118 2800 1871
2804 1871 2800
2803 2804 708
2802 708 2804
2805 2807 180
2796 180 2807
708 2802 2806
2807 2806 2802
2772 2810 182
2809 182 2810
2808 708 2810
2806 2810 708
1876 2811 122
2766 122 2811
2811 2803 2808
708 2808 2803
2814 1730 2787
99 2787 1730
710 2813 2812
2814 2812 2813
2776 2816 181
2783 181 2816
2812 2816 710
2815 710 2816
182 2817 2770
2819 2770 2817
710 2815 2818
2819 2818 2815
74 1736 2820
2821 2820 1736
2818 2821 710
2813 710 2821
74 2820 1742
2824 1742 2820
2823 2824 711
2822 711 2824
182 2809 2817
2826 2817 2809
711 2822 2825
2826 2825 2822
2805 180 2828
2798 2828 180
2825 2828 711
2827 711 2828
2829 2793 1747
98 1747 2793
711 2827 2823
2829 2823 2827
2834 2833 2830
183 2830 2833
2834 2831 2832
715 2832 2831
2837 185 2838
2835 2838 185
2831 2838 715
2836 715 2838
2839 2841 184
2840 184 2841
2836 2841 715
2832 715 2841
2842 2845 183
2830 183 2845
718 2844 2843
2845 2843 2844
2005 2848 116
2847 116 2848
718 2843 2846
2848 2846 2843
135 1936 2014
2850 2014 1936
718 2846 2849
2850 2849 2846
2851 2853 127
1931 127 2853
2849 2853 718
2852 718 2853
185 2837 2854
2855 2854 2837
718 2852 2844
2855 2844 2852
2833 2858 183
2842 183 2858
720 2857 2856
2858 2856 2857
184 2859 2839
2861 2839 2859
720 2856 2860
2861 2860 2856
134 2073 2863
2864 2863 2073
720 2860 2862
2864 2862 2860
2114 2866 112
2066 112 2866
720 2862 2865
2866 2865 2862
116 2847 2110
2867 2110 2847
720 2865 2857
2867 2857 2865
2871 2870 1793
103 1793 2870
722 2869 2868
2871 2868 2869
2406 2873 80
1800 80 2873
2872 722 2873
2868 2873 722
2863 2875 134
2403 134 2875
2875 2874 2872
722 2872 2874
2876 2877 184
2859 184 2877
2874 2877 722
2869 722 2877
1804 2880 78
2484 78 2880
2879 2880 724
2878 724 2880
2883 1811 2881
104 2881 1811
724 2878 2882
2883 2882 2878
2854 2886 185
2885 185 2886
2882 2886 724
2884 724 2886
127 2489 2851
2887 2851 2489
724 2884 2879
2887 2879 2884
2835 185 2891
2888 2891 185
2890 2891 728
2889 728 2891
2895 2894 2892
187 2892 2894
2895 2893 2889
728 2889 2893
2899 2898 2896
186 2896 2898
728 2893 2897
2899 2897 2893
184 2840 2900
2901 2900 2840
2901 2890 2897
728 2897 2890
184 2900 2876
2904 2876 2900
730 2903 2902
2904 2902 2903
2905 2907 186
2896 186 2907
2902 2907 730
2906 730 2907
107 1836 2909
2910 2909 1836
730 2906 2908
2910 2908 2906
2870 2911 103
1831 103 2911
2908 2911 730
2903 730 2911
1842 2914 104
2881 104 2914
2912 732 2914
2913 2914 732
108 2915 1849
2917 1849 2915
2917 2916 2912
732 2912 2916
2919 187 2920
2894 2920 187
2916 2920 732
2918 732 2920
2921 2888 2885
185 2885 2888
732 2918 2913
2921 2913 2918
2924 2905 2898
186 2898 2905
733 2923 2922
2924 2922 2923
2926 2892 2919
187 2919 2892
733 2922 2925
2926 2925 2922
1859 2928 108
2915 108 2928
2925 2928 733
2927 733 2928
2909 2929 107
1855 107 2929
2927 2929 733
2923 733 2929
